31.511086 31.773588 31.86043 31.681786 31.451168 31.533514 31.774616 31.849602 32.19966 32.01995 31.769438 31.816679 31.963392 32.07807 32.180134 32.32841 32.09287 31.858225 31.690817 31.64671
31.679714 32.00433 32.06952 32.217102 31.793837 31.13909 30.697485 30.460346 30.459269 30.918806 31.506308 31.990965 32.393776 32.52757 32.886738 33.317448 33.434124 33.633785 33.714485 33.803413
31.740654 32.281853 32.827286 33.23555 33.516903 33.695683 33.855354 33.884995 33.893883 33.737312 33.624584 33.579216 33.582134 33.619186 33.66295 33.50395 33.365757 33.161747 33.01905 32.944656
31.78192 32.340607 32.929447 33.42946 33.819057 34.07848 34.219273 34.27647 34.26969 34.066948 33.769585 33.348938 33.07115 32.88212 32.660297 32.498352 32.452763 32.52453 32.67424 32.811855
31.733765 32.22337 32.726536 33.185856 33.505596 33.637295 33.70161 33.774136 33.830017 33.831654 33.79747 33.7352 33.68811 33.653072 33.477062 33.128506 32.84888 32.66176 32.369633 32.130592
31.876974 32.505287 33.102795 33.522285 33.786076 33.878315 33.79658 33.705845 33.665936 33.63354 33.190243 32.685047 32.31541 31.934626 31.66664 31.556448 31.563665 31.620018 31.611181 31.599842
31.854584 32.50552 33.045876 33.457108 33.740562 33.88414 33.860058 33.838173 33.71465 33.587387 33.460793 33.333923 33.21287 33.09756 33.04159 33.024525 33.01361 33.016617 33.029556 33.032104
31.667883 31.792442 31.617683 31.739588 32.03009 32.244972 32.45056 32.21292 31.544136 31.045177 30.85098 30.786556 30.84024 30.680815 30.352194 30.172182 29.877117 29.388536 29.123802 29.153633
31.739538 32.166454 32.649136 33.030117 33.050102 32.97262 32.810535 32.622417 32.463497 32.378975 32.369846 32.27784 32.163364 32.132175 32.14007 32.195896 32.299416 32.425255 32.537247 32.65145
31.776127 32.22237 32.75969 33.224514 33.385403 33.39171 33.36451 33.31172 33.25619 33.199394 33.127518 32.992508 32.81835 32.602028 32.394787 32.236782 32.097816 31.922003 31.780682 31.723307
31.824974 32.331665 32.828453 33.152153 33.302948 33.332355 33.287373 33.198494 33.068054 32.817257 32.54103 32.112198 31.719622 31.49781 31.40246 31.408485 31.436707 31.495432 31.61859 31.767855
31.88207 32.456333 32.998314 33.4293 33.744686 33.947887 34.046326 34.016987 33.915817 33.72825 33.553375 33.359478 33.117783 32.885124 32.69539 32.534695 32.441105 32.409344 32.332344 32.25554
31.824516 32.35536 32.85434 33.16917 33.346794 33.31161 33.178616 33.031944 32.906815 32.70204 32.473427 32.302963 32.140217 32.022736 31.9752 31.953077 31.924116 31.891556 31.85074 31.833643
31.726444 32.202385 32.71045 33.133247 33.427597 33.600857 33.681545 33.69049 33.589066 33.416973 33.207867 32.9104 32.588787 32.00127 31.381927 30.992004 30.611202 30.30414 30.128407 29.98522
31.745646 31.926401 32.141357 32.366188 32.149017 31.634792 31.195528 30.91074 30.81286 30.87798 30.99018 30.949446 30.880032 30.76805 30.709555 30.644983 30.59082 30.557848 30.614445 30.68213
31.727108 32.285805 32.855286 33.154552 33.351936 33.185688 32.844902 32.60156 32.154324 31.781548 31.045826 30.157145 29.329004 28.581518 28.127796 27.981863 28.042599 28.171427 28.322803 28.462036
31.146975 30.79348 30.471146 30.198608 30.018032 29.856655 29.739895 29.764927 29.81698 29.970318 30.226328 30.553558 30.788809 31.060314 31.284899 31.4472 31.426699 31.369349 31.467972 31.437498
31 30 30 30 30 30 30 30 30 30 30 30 30 30 30 30 30 30 30 30
31 31 30 30 30 30 29 29 29 29 29 30 30 30 30 30 30 30 31 31
31 31 30 30 30 30 31 31 31 30 30 30 30 31 31 31 31 31 31 31
31 31 31 31 31 31 31 31 31 31 31 30 30 30 30 30 30 30 30 30
31 31 30 30 30 30 30 30 30 30 30 30 30 30 30 30 30 30 30 30
31 31 30 30 30 30 30 30 30 30 30 30 30 30 30 29 29 29 29 29
31 31 30 30 30 30 30 30 30 30 30 30 30 30 29 29 30 30 30 30
31 31 31 31 30 30 30 30 30 30 30 30 29 29 30 29 30 30 30 30
31 31 30 30 30 30 30 30 30 30 29 29 29 29 29 29 29 29 29 29
31 31 31 30 30 30 30 30 29 29 29 29 30 30 30 30 30 30 30 29
31 31 31 30 30 30 30 30 30 30 30 30 30 29 29 29 29 29 29 29
31 31 30 30 30 30 30 30 30 30 30 30 30 30 30 30 30 30 30 30
31 31 31 30 30 30 30 30 30 30 30 30 30 29 29 29 29 29 29 29
31 31 30 30 30 30 30 30 30 30 30 30 30 30 30 30 30 30 30 30
31 31 30 30 30 30 30 30 30 30 30 30 29 29 29 29 29 29 29 29
31 31 30 30 30 30 30 30 30 29 30 30 30 30 30 30 29 29 29 29
30 30 29 29 29 29 28 28 28 29 29 29 29 29 29 29 29 29 29 29
