508 2657 2690 719 1750 2343 3120 3982 1501 1489 135 1465 1097 1073 1895 1602 3596 2015 4904 50
4435 2384 3469 4758 1933 3668 2402 315 4406 3821 741 4022 4538 169 2355 4567 4369 3644 96 4486
4720 2624 3888 3583 4752 994 2205 1611 882 2729 4000 2249 1800 1981 2537 2921 1717 3469 2644 1994
2764 4960 444 3702 1635 2782 4907 3874 4571 2977 2500 2557 4103 2382 3527 607 3112 4060 4766 597
3694 2343 2057 871 3134 3026 417 646 63 1341 4108 3874 646 1117 4538 1946 646 1612 3695 2545
1403 1006 2386 245 2148 1115 3089 1617 1711 1225 2371 4181 2642 1209 1177 3846 1852 4175 3619 4893
4639 2631 2410 135 2904 249 4538 4746 4729 632 390 1462 3213 780 2359 4357 4364 4068 1977 315
4102 3313 171 1908 819 1704 2232 979 1868 4037 4958 2278 473 1622 3497 3004 1949 231 1073 1237
684 4673 3786 1994 2738 4664 3099 175 2760 4942 4723 3350 3735 3874 4608 3011 646 1406 696 3237
2666 2148 2980 720 2126 552 4437 1341 4900 2451 3156 1922 4528 3380 2451 3631 725 4037 4210 4990
284 3514 2300 252 4342 3981 1698 4908 2263 4894 4511 2610 2070 3575 3699 4552 3162 1758 2279 2347
752 3507 2874 2744 4069 1077 4957 741 4715 2593 169 1728 491 4489 3502 4447 640 3539 971 4591
2263 3452 1843 4715 378 1415 1077 3553 3531 4957 2436 250 3268 2713 3649 3016 1154 2451 586 2146
838 4333 3033 4981 3540 164 3682 1888 3067 2465 2408 867 2649 2166 4037 4000 1857 1180 3981 3714
2758 3918 1695 1980 731 1222 1146 4290 3874 1706 1787 646 4578 1711 480 3026 1190 986 4855 176
1152 3389 224 4538 4792 3844 3344 1472 3733 1972 3540 4243 2322 3367 3166 2237 1373 2851 4081 2164
2068 1528 3918 2010 2710 2945 1184 3697 950 4332 3912 3486 1638 2306 1443 1438 646 4748 719 1888
3607 1260 2166 4535 1973 4769 1450 4341 4163 1167 752 1980 3076 3285 3874 4224 4754 4466 1597 2610
4759 2207 242 4373 4908 1238 4699 2486 3440 1638 3303 4108 4496 3057 1723 3634 991 141 3489 3188
4477 2872 3502 3502 2135 499 517 1964 1987 4742 1275 2954 1620 1740 2711 352 2226 2247 371 3225
1502 4895 3430 4168 552 333 1677 3224 3693 2771 3600 4311 3160 351 3363 4000 718 3244 3739 1413
1972 3962 4869 1014 1154 642 764 1617 2368 2531 2760 2770 176 3550 3067 3303 378 2676 3119 308
2675 867 2068 4163 2444 3504 780 3264 2308 1250 4862 2890 1415 2032 4840 3974 4450 3315 359 4838
1333 2568 3967 2051 2143 2143 646 3984 3068 517 3964 3658 1635 1346 2530 17 1598 2977 4034 2945
4710 4560 364 4855 3395 2631 1914 2644 4942 2644 3521 4723 506 3695 1598 1242 2696 2696 278 1740
1545 4139 2601 384 2922 1814 2675 3382 4391 243 2126 588 424 2691 3469 1605 1272 2776 1874 3829
449 2032 1482 2108 1352 2694 4562 1099 4424 2945 313 2782 2568 3158 313 2890 1256 2306 3994 3618
2590 1598 2211 2897 825 1897 1171 137 4152 3375 1254 3200 68 4433 2725 2205 147 3234 245 489
1634 3981 4081 1481 4875 3391 2545 4163 4479 2899 2902 4248 4723 4109 3445 3927 237 3981 3285 2474
3649 2657 3158 2921 4373 1403 4909 147 1549 2947 1888 293 2695 4127 431 538 1447 825 4265 3874
556 3995 4434 2071 3038 559 734 1814 1146 1085 1403 4289 617 3607 2202 4163 3285 3874 1629 2861
40 3256 646 1073 4985 113 1972 3484 3048 745 825 3414 1150 321 2679 1729 2166 1858 2541 1575
3918 4342 39 2872 2834 4998 825 3866 3874 1146 209 3416 4538 2940 3588 2439 2586 3887 2253 4431
4152 369 780 1184 731 4277 3601 4110 84 4502 1152 2592 3757 3491 2904 3206 979 3930 4051 3597
3699 3256 1315 2072 1798 4207 2769 4392 1152 1305 4726 3309 1396 4069 3550 134 4205 1664 1901 4687
4710 2672 3828 3256 4849 1481 131 2092 708 3578 531 1257 1698 4538 4105 1575 2945 4444 4152 2985
163 4532 838 1956 1068 4998 683 3303 1702 3866 404 2071 378 2118 684 3000 2361 1761 2911 971
2372 1560 2335 3918 4463 4212 1702 4707 3874 4181 356 1777 4271 238 2436 49 2185 2688 3223 753
4152 2976 4118 881 4377 2930 2090 1190 925 3395 1620 2918 240 2571 3132 4876 3132 195 3905 1734
2375 445 2737 3640 4181 4051 3874 4330 4126 4289 2016 2760 1952 4224 2278 2012 2949 1927 2224 2657
4102 3429 4063 678 3974 1374 2454 1073 2811 3928 154 2185 4623 2465 2948 283 670 372 2760 4830
279 3230 4317 2073 2368 2086 728 3044 1287 3523 4682 646 4896 3019 891 4198 4323 3248 2821 823
1750 1322 2531 1641 3781 378 2196 1815 688 2021 2414 808 3714 728 3948 291 2436 799 2947 2650
2186 1054 178 4037 3303 1088 2775 3460 315 2821 3837 1884 992 2282 396 719 4506 245 4051 386
3676 1837 171 4519 2452 4844 4633 1861 820 2275 49 3706 3185 795 449 3891 3285 508 640 4581
1215 586 1097 2381 446 3134 2728 4152 4757 65 921 3357 1512 2657 3163 1314 3035 1710 570 1242
3995 399 719 170 4478 40 40 1961 663 1303 33 4723 1841 2806 783 2775 1549 385 2347 3607
3602 1597 3540 4363 250 4572 590 1107 2414 769 4825 3475 736 2909 104 719 4152 2068 4037 1583
962 40 2691 3540 3091 2926 2572 4399 1139 2961 2139 2381 3817 1146 552 4254 3695 4264 979 4757
137 1765 3876 2068 2068 165 1187 751 1922 1144 269 183 165 1108 4566 4323 2817 4421 4104 3502
4518 292 3852 2867 278 559 4810 930 491 1766 4581 506 2664 2371 4587 250 294 1870 493 1374
1971 1238 2523 4766 682 2763 3692 823 238 3132 4519 4664 189 1930 4922 2068 304 1431 1595 2571
3730 1742 1890 2382 3362 712 3075 4464 939 2436 4015 3829 1602 2058 2688 3529 378 1091 2759 1209
14 1099 1504 3634 710 2865 3607 2368 2272 3119 4295 1989 1706 1775 3926 3575 4581 3580 4545 1815
4163 3928 381 3032 4886 1814 1406 2570 4637 1623 3887 129 3166 3398 2319 2672 245 4363 4000 1930
3545 66 775 449 1073 3243 315 1415 192 872 3497 527 1109 949 2402 556 2132 1336 1092 660
99 3200 825 1994 4900 1006 1292 3507 1505 913 674 4923 2205 4760 2010 4954 372 4311 1610 3120
3099 3075 1840 3380 417 3829 3685 396 2436 3887 3919 4342 480 3631 4373 4496 741 76 4110 1665
3918 2047 1834 506 1580 3075 278 3164 3683 2984 1091 2260 4801 731 4817 4363 4467 823 2465 728
2556 837 4453 3872 3572 3432 3949 825 3739 4637 3890 3134 4686 1707 4082 1361 3874 1498 2657 2560
2942 4730 3075 2696 1844 3919 3945 4908 2370 4143 1211 4037 1608 4719 3686 4538 3475 126 4478 2608
2657 4743 2057 1522 835 2696 2089 3976 1651 1508 1144 2393 1745 728 2141 1388 4493 4483 1091 765
2146 2136 1515 4798 624 4680 165 1664 2250 4587 4371 1146 765 3194 2558 3761 4343 1884 1884 3876
4690 2336 1184 2472 3238 1405 1575 4122 425 2000 4883 4909 4954 1090 4019 4399 4970 4276 3285 2557
2870 4607 2923 2174 4540 738 1888 232 3285 882 3989 1685 780 4900 4581 2940 38 2010 3643 669
2281 3523 1169 476 3254 1150 4874 1698 165 2000 1888 1545 4855 1130 841 1431 2467 2328 663 2242
1972 4976 3631 3905 1890 4987 3193 4271 2191 1482 2254 2278 1742 2166 4110 1438 4103 3057 3948 642
4175 284 3224 2497 4079 210 1333 1102 3786 4377 2281 3453 15 1584 3240 4451 3395 4766 4466 4329
4990 1185 2657 1091 3628 3521 3000 3731 110 209 356 209 2305 4108 3887 2361 1545 2384 1154 1774
1860 1510 2904 4348 4436 3075 2202 363 491 1766 2512 4151 2702 4101 4564 2352 1798 1766 1324 892
3683 3727 2815 99 2168 3764 9 3681 1539 142 3967 1055 2657 2713 2691 2436 3706 1211 821 3514
1169 111 825 15 4871 4055 1805 2806 2454 629 1091 4342 4144 491 1938 695 810 364 1664 4274
3605 1581 4730 4378 267 4865 4726 2457 4250 333 4538 4362 3717 3285 3874 4244 2644 4788 4623 4950
1752 163 4181 4889 531 480 4163 3596 1361 2760 2237 2707 1876 1908 1696 1360 2349 4363 3384 2528
4998 2191 823 2790 604 4332 1515 1787 106 3547 2581 2365 1190 368 708 1487 1919 3016 278 1732
3523 3523 1787 1868 4000 3624 3166 3415 1947 2815 2861 4171 3066 3120 2116 2255 4208 586 1622 2915
4797 4760 2520 1139 1887 4908 2068 2068 2838 1154 4912 2631 2842 3415 720 738 2368 4103 2463 49
2610 3173 4432 825 480 2793 4586 769 883 4264 4664 2183 2010 4518 11 2707 4788 2977 3550 24
2164 4127 1252 2191 4667 14 480 856 3018 2338 1406 4477 4944 4883 2947 245 285 2205 539 3918
2146 968 71 1339 1169 3026 728 818 4942 1545 769 1548 2095 1097 4711 583 4323 2603 4106 417
2947 2716 1850 1834 1319 682 4876 3887 4686 2136 3624 3587 1731 4543 2402 2854 3502 1970 4214 1532
3706 1349 4273 2707 3144 107 3059 482 3142 1664 2676 1154 2571 3874 820 356 2486 4758 2815 2874
4597 4502 838 2403 731 2533 3318 176 4644 2298 1740 13 741 2824 2537 506 3757 4421 3502 3575
1884 1183 396 3384 119 3303 3303 130 378 4299 49 448 2006 424 2041 4954 4538 4055 2414 4152
3502 163 1209 3502 1913 1885 1664 4900 3166 1163 1510 3234 3226 602 1545 120 3554 789 3158 3957
3148 4260 998 4729 2905 3494 3890 2108 1365 3548 4163 570 2278 3978 2222 4359 276 4623 1941 825
1323 4736 3870 4730 646 3120 1501 3750 1792 416 3784 2951 4015 4285 4519 3424 2887 2758 2782 3234
3042 764 719 2693 2935 443 548 4766 4295 99 2140 3160 2281 4712 586 2090 2630 3145 3503 4093
3743 1973 4065 1664 1869 12 1272 1314 2676 3254 4495 2556 4346 3694 4831 1220 2046 9 2797 719
3694 2867 15 2760 2046 571 3256 3679 2253 2253 378 3984 1717 3556 3984 4567 352 4054 2430 2902
838 1920 4194 4102 1885 2811 3204 2263 4960 2292 1016 2253 4037 1236 3984 2649 1994 1672 2527 4467
2256 1442 3460 838 3160 508 4472 4144 4493 2865 2558 2233 4000 1241 4038 2191 1548 4316 1386 2657
2227 2966 2942 2343 3757 2610 3230 4564 86 3502 799 4729 3560 765 3206 823 4138 1303 4627 4243
3284 1339 4363 2894 1184 2927 2511 3785 2745 3042 2213 3622 3211 4076 1415 4000 4455 611 361 2274
1860 3383 4720 1501 1323 2550 670 3504 491 489 165 1785 2947 4051 600 3591 3205 2611 2951 2451
1436 1913 2278 2664 2076 4406 106 3961 2921 695 4809 3770 1008 1834 449 2679 4597 4502 137 1275
4758 3982 2092 4469 4163 4449 2371 4226 2268 779 2904 94 1313 4268 1420 4019 4450 1930 2791 4508
1883 72 2176 1664 4389 4345 2911 4686 1332 4844 725 2891 2305 933 4490 2340 2777 4977 496 3974
689 4997 2656 15 4271 1167 2728 2865 4763 1481 1416 2789 2530 4686 2 3182 1448 2077 506 1169
441 4101 1547 4538 866 3507 578 2693 391 2511 3811 1824 243 2325 1980 4768 4000 731 3206 4598
936 2897 2610 4041 2205 551 4362 3236 719 2473 1040 652 2253 4816 2402 1994 3628 133 872 1107
1431 1787 1946 4327 2427 49 4321 1537 3920 881 3667 2253 2207 39 2737 4906 3285 2760 4103 719
526 4108 15 949 1972 2469 4271 552 2414 578 682 387 1311 66 2424 356 503 2926 938 2139
1597 1605 1901 4144 443 646 1780 646 3445 1374 990 2436 4037 4499 4763 998 2631 3300 1272 646
3981 3285 1784 4504 1287 1092 4656 719 15 4991 3968 488 731 2146 1528 4271 2182 4330 4183 4432
3918 819 4254 2402 321 1361 2846 3767 4342 2010 1287 2205 2782 4538 586 3984 2951 4458 3315 4844
2286 4511 721 4849 4000 1930 3315 2451 1254 3683 4449 1930 2472 3398 720 1152 1465 169 4089 173
2657 4464 3887 4157 2237 1624 3974 942 2680 2956 2672 3889 3269 3607 578 2436 1888 172 4152 606
1323 1578 1597 586 4628 3415 2413 3303 2429 1687 499 4033 4132 4103 4496 2253 137 1648 3171 240
4990 2457 491 643 3757 607 356 4082 2909 1071 2861 215 707 1989 3508 2407 3587 4293 3395 1440
137 14 2568 3831 1177 872 3445 2376 4000 1177 3984 1349 4895 4320 3303 3743 1742 1888 2068 4900
2779 2855 135 1253 112 2352 4000 4455 2610 1243 2693 2644 3481 2777 3349 4695 4327 599 4646 665
449 2705 4805 3765 2831 3930 87 2465 4554 4803 1691 3494 4511 1154 1265 2472 1542 4110 3254 3523
4210 4175 4552 1597 3523 4412 4127 2631 4101 360 2185 4700 4883 1230 323 471 2140 2817 3007 1167
3699 4844 278 4543 2780 3150 3089 3082 530 492 3926 4078 2767 2596 447 3047 4634 2402 3089 1209
2452 719 2960 3601 2872 3676 983 3383 693 2708 1664 4545 3057 1260 4640 60 81 2918 4502 4214
3166 510 2401 261 1966 3887 215 4089 3057 2626 866 1946 2628 3211 3094 1837 3315 3540 356 3984
1439 2543 1241 414 962 1721 556 2911 1815 1290 4363 4664 3217 3514 1975 3120 4428 3631 586 2263
4279 4037 4170 1785 4152 2911 1629 1190 983 646 1343 3953 3763 3416 893 3721 4842 295 453 1590
730 3184 4135 3068 1054 4326 372 2600 3846 3380 4383 4750 3042 3151 4923 405 617 4051 40 1766
2615 3225 2868 1898 4123 3876 3618 3887 938 2811 245 1778 1946 2911 2729 4105 3798 305 668 3981
4435 1419 313 2371 2032 1146 1884 2465 4667 1213 2146 2007 4830 1436 4713 3745 4538 4376 1299 3408
4201 135 3253 2340 2314 2263 4350 1154 3176 597 3714 2375 795 2191 2725 1218 4711 2207 1575 1692
3918 931 3874 209 2977 342 4342 1550 2191 371 3618 3540 1209 2108 798 3502 3607 4030 381 1017
4181 4908 3981 2361 3230 1146 2087 764 4564 3120 1222 3984 1036 1253 4538 3120 1798 3464 3206 3169
2688 825 4125 1209 2316 1302 165 1072 1884 3309 2306 4341 4238 1575 2590 3162 4977 119 4008 936
4874 4273 4658 1909 536 4713 404 1549 40 2205 4158 4881 4302 825 2382 4591 3390 2352 1508 4383
2289 3869 1309 2588 3560 1851 518 2657 2696 27 165 1718 1752 1981 173 4464 3452 278 2179 3120
3757 2610 4009 1569 2842 4295 2436 1945 913 482 2679 179 4323 1254 2947 948 1154 3739 3540 4538
3730 3002 3166 2338 658 1254 2541 2533 2140 3963 2219 2520 4373 780 15 3390 1487 1919 3225 721
4758 3668 4677 761 1008 1884 2865 4987 2884 606 4723 4019 417 2003 233 3261 3984 3950 1597 1193
3700 506 1991 3890 2789 552 4908 801 1702 1236 4763 4634 566 3874 1342 1792 680 3057 3629 728
1766 3310 3169 2073 4888 1732 1383 825 606 3225 2393 1982 3936 4582 2959 923 1654 2255 4155 3171
4175 3429 449 2015 1681 3151 4855 3535 4420 2657 4734 4944 4491 4475 1597 1241 4554 4992 1581 1163
695 1946 2691 252 2791 4175 4881 1842 1032 979 3075 4451 1558 4964 1785 3253 1636 3033 701 4454
361 2771 363 1522 416 4037 798 531 3502 4743 1474 1637 1989 3830 4900 3267 2940 1886 3504 3623
2409 3967 1099 4033 2035 1873 292 4721 3872 3652 3984 3380 4552 825 4734 381 71 128 3607 1881
1438 1781 1981 731 2947 1919 1261 4834 4900 378 3521 4695 1645 1492 3874 2474 4723 2217 499 3743
4000 1202 4489 731 3607 4169 4511 1724 3731 2015 3285 2737 3981 647 1278 4701 3730 3134 4037 1065
2786 163 4349 4538 2500 3120 4294 4239 491 2696 4489 4181 2457 4037 3171 4197 696 1945 1315 173
1528 1059 128 3236 2057 3304 1942 1880 1415 731 3285 506 4597 4435 3484 2903 2263 2464 4239 1077
2781 2467 526 3874 106 1650 3540 480 4151 793 3180 1488 644 3334 3120 1839 3769 3192 999 1598
838 4181 1124 2511 1846 4121 2429 1355 293 2054 2139 4874 872 4447 1888 3211 719 4152 1853 4764
3148 2758 230 663 710 1926 1951 569 548 3360 2465 46 1533 342 3887 780 3285 1179 3887 4230
2502 2656 449 2517 2523 728 2711 3508 1465 2911 1466 1967 2867 3890 3135 4699 918 3876 2289 1323
3676 1416 1271 2193 4518 2729 4482 1679 1813 2254 874 4037 3959 66 2013 1956 2457 4596 2263 4760
3575 3999 3044 235 4518 1645 1522 1313 315 240 4197 4852 1341 1124 3200 830 53 3629 1594 1913
3067 4538 4844 3652 1598 1132 3395 378 2205 4538 764 1620 3483 3495 287 1278 1985 3835 3445 2290
3374 1540 1089 304 2506 15 3320 3714 3254 3748 1290 2790 1328 1913 1584 1584 356 1545 3874 3035
1605 4699 3608 1407 499 49 4858 3325 3672 4000 1930 2472 1109 4768 3694 4181 210 3502 2865 2007
870 3762 2451 2531 938 2916 4465 283 163 1209 798 267 2205 4062 1920 1460 1698 4197 119 2688
4435 3987 2252 848 4037 994 1946 433 867 4707 1888 4466 4844 3574 515 3563 2272 86 3741 250
4175 1088 3382 4581 245 4428 3786 4123 4127 3048 3460 2108 4763 2528 4103 1226 1914 690 2610 822
1438 867 2958 1209 816 278 3289 4027 4447 3387 1752 2971 4992 1504 1994 3945 2335 981 1665 139
3981 2123 4163 3243 938 646 3822 1805 1650 1154 387 2588 4895 4528 4373 3661 135 631 233 1289
1981 2851 372 983 680 4715 1914 4479 417 3666 4773 646 3502 2248 3335 4380 3503 4055 1597 1666
2985 4353 2737 4713 2610 3039 3863 173 1664 4197 385 2466 4342 4900 1077 3514 4055 3285 1919 4467
450 4518 225 2494 3829 4286 2985 3280 4571 2636 4009 3540 2510 3927 2627 1146 3984 2477 3809 4937
3416 2610 1597 2874 719 1108 1528 3344 2911 4292 2676 3888 680 2922 1740 278 1151 4572 3874 3653
3683 1226 611 1943 3876 1946 15 1887 1924 2207 2633 245 3553 3731 4895 3763 4295 2657 2375 4873
669 3389 4994 1435 1150 316 2834 3156 3171 1688 4479 2846 1322 4144 2480 203 2667 1584 2278 3869
2629 3429 185 448 333 3668 3089 4526 4964 1903 111 4855 3227 4667 3075 4607 1789 2120 3850 2697
2058 3521 838 4767 4000 3315 1870 3231 198 4857 3617 3524 728 99 2004 1712 3160 4350 1072 260
4710 2590 4502 2058 2283 1665 417 3540 3509 53 3628 4538 2477 2632 152 3455 3695 3835 765 2227
2716 3745 4347 4855 4730 1211 951 4194 1403 2306 424 2141 2166 1487 2777 796 3230 4021 4640 841
4903 2095 2746 4004 2286 4987 2454 1007 3891 4363 2014 795 1787 3234 3303 998 1665 4758 3590 1099
3607 1815 2716 880 4585 1796 4127 148 2340 3328 4091 2985 2629 3075 3260 584 565 2707 2370 3206
4068 4341 695 1284 3678 4785 923 3236 1814 4804 87 480 1795 2633 1413 864 3119 15 2531 875
3607 3380 327 4668 4467 3679 4227 2414 3930 4345 741 2266 1814 833 552 4624 841 3984 1036 3842
2825 2149 1899 1784 2985 593 2558 1888 1881 3202 1264 1712 1977 1691 3380 1222 4900 2436 1930 1275
3918 3940 4469 3414 927 1286 728 4700 183 3089 4524 3607 2483 2520 1368 47 823 245 2524 2451
2590 3658 387 4000 1930 3728 2748 3154 4865 2089 2208 745 71 2715 2693 2300 1154 2375 1626 224
116 396 2624 2520 203 3190 2790 1664 1856 4908 4461 4900 278 356 1522 4538 3004 734 841 4181
663 3572 641 2872 4152 4763 82 3511 1740 2763 3982 586 2872 3205 3383 1531 3596 719 4152 3338
4218 3782 2015 2290 4896 2472 433 4771 1271 3057 1162 1143 3822 3543 2631 2708 3075 4804 1430 825
3523 3523 3166 4424 4273 3981 595 2977 2713 24 1393 4855 3344 1756 779 3529 2550 1252 4163 1403
4998 2683 130 4538 517 1949 567 1378 4695 1597 2147 4208 4540 784 1036 934 3084 381 3259 2790
4175 2736 1716 2252 3068 3695 342 2370 1321 1023 3121 4771 3757 1209 121 2375 3225 3835 2713 3607
4758 2533 3004 386 2921 1598 3285 1287 1617 646 670 696 1742 4248 1092 3315 4344 4865 1622 3832
3249 3284 1866 1000 490 1345 3368 3061 2705 3991 2881 2556 2720 2231 3874 4101 944 3285 922 1546
3191 1465 2568 683 3628 4908 2520 1710 2591 2213 2278 833 3285 2472 3213 1109 4723 4814 390 923
1720 3477 3129 2711 2269 1844 719 1431 3889 2128 4979 4108 1146 731 3683 233 2472 1972 2439 4755
2286 4423 1196 4766 3788 1688 3451 1006 2541 4435 2370 2760 3158 2903 2588 4855 3874 1728 378 4526
2511 833 4260 856 3540 3874 3540 4151 2865 1065 1913 4283 2708 364 2036 2696 420 1840 1222 450
333 550 2375 3982 9 4049 3600 2462 2730 677 3344 1179 1563 2139 2013 4215 1211 1851 2728 758
2146 508 3695 2191 3678 1594 3964 2941 330 2556 1792 4835 3262 1750 3747 2846 2148 1167 4148 3240
2361 4054 1312 3349 2696 1881 4954 526 3540 825 4954 2013 1768 2920 3946 449 2992 1272 1836 2435
2771 1077 2957 4101 1603 3715 3469 135 1090 3930 4809 1971 2158 3136 252 3638 349 2365 1576 169
2610 3744 2537 4241 2455 2166 1529 110 2707 4037 2136 3460 1098 2139 4152 4725 2760 1129 2921 243
2219 3521 4194 1850 4115 2462 1117 2915 2915 2217 933 1439 3927 1578 2404 3292 786 4861 4037 4392
163 3056 1548 699 901 1698 154 1416 417 2639 250 2128 2489 1311 4538 4218 3604 4105 1769 3919
518 719 4163 1985 1989 1989 49 818 480 2696 2884 3606 4998 825 2205 1958 552 1598 4768 3837
3926 4342 86 3550 166 3604 2015 646 2389 4954 417 2729 2588 1278 4514 3089 4064 349 35 4987
4332 3256 1351 2236 1751 2535 508 2545 65 136 3315 1220 4438 1386 2543 1785 3607 2760 1920 1495
2666 1994 3075 2306 4150 708 4538 3882 3887 1187 661 1504 1209 3445 4892 506 3637 1574 1278 728
367 4420 4518 663 2865 4506 417 1191 246 3920 27 1598 3504 2367 3231 3628 2672 3570 2848 4240
1860 2904 1919 2183 886 1226 4469 3574 586 1994 3630 646 384 4344 3416 2071 1884 4023 1814 1146
3683 552 2977 321 719 4561 1294 4447 4151 3521 4695 4037 2952 4695 1603 3631 4744 4464 3887 506
4477 1910 2302 1533 22 3020 2056 3192 2361 315 2315 480 3150 3829 2951 4593 3205 4908 3947 2316
3013 3034 2970 3587 3607 4588 999 2961 3835 4051 4992 4181 40 4819 3981 3268 4063 938 2713 3099
2226 646 396 312 1734 3057 4998 558 4664 3167 2672 4736 209 1065 3521 2865 3642 2402 2343 1838
2947 3157 2281 4769 3757 318 4051 683 2028 2730 3984 2071 4051 401 2692 3344 3318 4268 4024 3884
2414 245 4181 4908 3346 1060 3752 3383 387 3574 2725 1790 3206 3909 3007 506 3337 279 2382 4694
1403 3523 891 719 278 25 4897 4084 4444 314 1360 1884 2589 4063 4869 53 2560 823 2624 2371
1630 3274 4041 2970 748 2943 4304 4101 773 1515 2286 2130 3224 3378 1785 3502 4805 1323 2095 3606
4991 3200 2253 128 829 29 2693 1664 1059 4267 1576 4536 4453 3744 2191 826 552 1871 2528 1853
3590 719 371 4897 1651 356 1525 1594 1949 1843 810 4212 3432 2815 668 1388 4123 4127 1933 3926
518 2967 99 3167 1108 221 4152 4158 4099 923 3116 2322 1220 4272 2896 3119 4071 1870 2184 761
3918 1731 3169 4582 781 3866 2696 2865 4724 1597 2371 4660 3972 1980 2833 1017 1761 4013 781 285
671 1130 3200 2047 396 2612 133 1290 3691 4276 2769 4736 2657 1361 2760 3303 1870 4704 356 3806
1323 2624 3696 3156 506 506 934 8 677 314 548 2213 129 3786 938 1814 3945 3504 3383 3280
3607 1870 431 2644 4686 4588 2776 2922 2298 3515 2066 4451 1865 1075 631 4990 2612 1354 468 1575
4710 331 506 2365 2010 3395 4081 4581 2605 3887 4699 3624 4766 3389 4330 1851 1341 566 3776 4886
3607 1019 4707 3984 1282 4982 3458 4175 2679 3866 2631 2414 384 1758 1881 1198 135 3048 3438 2278
221 2707 2370 1757 4963 4103 4227 4686 1691 4602 4934 624 3778 2436 1058 1220 734 568 314 741
2146 3981 4852 3216 1545 929 686 962 2249 3005 4206 2182 1758 27 2068 3607 4998 632 2136 1930
3602 1605 4774 1210 1707 4329 4349 1665 4163 1750 1484 4723 2223 1121 1787 3079 3928 4572 4478 2439
2289 728 2711 3477 3457 1809 165 4214 2278 4646 1209 3994 1897 436 3504 3952 4907 3682 2000 1188
3981 1858 3564 3848 910 2942 719 2791 4952 2922 3809 2347 720 1814 1638 396 3948 2084 4530 1547
1597 1641 2781 3647 215 4440 3458 1677 505 752 3984 3960 4834 4900 1888 4037 2184 68 3509 4382
4289 3076 4566 4957 2644 3200 3540 4280 486 3879 1482 3697 3116 4127 2608 4768 1787 3358 646 2611
4964 3672 1303 4896 2729 4540 3815 4048 1828 1892 2137 4331 3948 4900 3765 3611 409 3130 1447 1946
3607 2444 4330 3912 2391 3852 3284 2263 923 3887 718 443 3494 538 4987 2631 4900 4844 3984 1072
2146 2286 1154 661 799 1988 1054 586 183 1945 3948 798 2260 67 1664 341 2436 4528 1811 3406
2880 738 1897 436 3022 2911 1803 2739 4069 2465 4538 4099 436 819 3634 3476 4727 2389 1545 4116
4232 292 2958 1023 1180 670 3310 4469 1036 1333 718 1209 882 523 2767 4342 435 3075 2371 185
695 1219 4758 3278 1688 4451 503 506 128 3613 710 3264 4132 3611 2961 1989 3781 346 753 838
2114 2436 4055 2136 4900 2340 2338 4664 2362 1839 2984 254 2298 3075 245 2657 548 4464 3785 4468
4794 2453 385 183 301 2940 1775 1400 3874 2921 2068 2472 3481 4607 3874 3234 1179 2039 1113 2225
1985 1989 2790 3942 2908 4954 3764 3788 450 2693 2901 2263 1209 418 1085 2523 3523 3514 1522 3981
1858 3769 4127 186 387 4803 3798 901 4307 3887 3119 1173 1664 4603 1323 3918 3380 321 1461 1065
2177 3656 3514 297 1442 321 2305 1047 534 2872 3146 1465 2702 4666 2701 2166 2075 1323 4452 267
3978 3303 1531 3374 690 1322 2463 4958 825 3583 4536 1063 2451 1266 783 1065 3607 780 4966 741
4069 2039 578 3661 1888 4021 3765 40 40 40 1721 57 3571 4348 1273 1722 2693 3236 2010 611
3416 1094 2290 2401 2633 2370 3693 4656 586 3948 1438 276 2191 856 3603 3809 4472 1769 4407 3368
1666 2704 3070 4449 4736 1209 4538 4694 4811 4686 1072 4260 2030 417 825 799 617 4699 2436 333
1597 2051 214 47 1179 245 4703 120 1481 1835 492 4727 4151 2982 356 1615 4899 4293 2694 2182
3148 1238 655 1443 3585 503 4323 3887 479 1831 4946 1930 4698 3930 2834 1854 4227 1983 4386 3660
4152 4309 3554 1560 3089 1465 4591 2397 3318 4591 927 4268 2041 1950 4824 2528 3235 4607 71 3217
1019 737 3994 3869 3682 2696 165 408 1150 3863 3984 289 586 1457 4849 1552 416 4876 4207 3825
587 417 677 278 4511 1622 4890 4172 2891 4987 41 1597 3199 99 719 3192 708 4692 1130 4526
1059 4758 1228 4593 1576 3083 449 1575 32 343 1922 290 638 731 3053 2278 2571 2467 2334 4000
3373 3460 3926 804 1060 4412 4261 2023 2484 4614 867 4384 2205 1102 4581 2711 3708 1152 838 4826
809 4633 4519 3469 4041 2162 838 1824 1112 2728 2715 480 378 4723 2036 3874 3428 3811 1132 2991
2556 2340 2901 1040 2006 3169 799 4254 3666 4992 2737 3068 3925 165 1230 2450 1261 1765 4268 3101
4556 3249 2714 4711 622 1525 4509 395 2656 3763 1209 1617 2612 4333 229 1413 1909 6 882 2058
2372 2657 4233 1017 2696 246 971 4593 2436 1247 2083 4365 189 1302 3362 2729 1946 4502 2622 409
2889 3668 4546 4727 1897 3730 3170 1792 4747 2644 722 443 1104 841 223 1827 3954 4777 379 246
838 722 4431 2889 385 4246 2571 4597 3976 4453 1571 4766 1271 4876 1529 1546 1237 4571 474 261
3097 4266 1489 743 61 3131 180 4273 195 446 2970 1121 3822 1386 1031 2790 2863 3739 4327 2265
1952 2015 1342 4125 3984 2644 1339 2080 719 4163 4715 560 2760 297 1688 2884 2696 2696 2696 2729
354 4760 677 1985 3738 1049 1073 491 2589 1088 4902 2861 2865 3338 182 4163 571 3005 3781 517
1865 3550 2231 3261 1049 4509 3887 4766 646 4389 2139 2911 2361 1388 3917 1575 4163 775 943 2
3918 4342 1260 4768 4711 4710 4844 731 731 3600 152 1814 3476 3976 3303 1291 40 1265 2855 53
4697 3268 825 660 1973 1184 3984 1163 4954 825 3747 2904 841 2557 3160 840 525 4878 1279 1865
3236 517 502 1913 2644 36 1814 4577 961 2789 1524 3699 4591 474 3388 730 1740 381 1254 1403
599 3541 2402 4175 1465 3166 2263 2110 3661 3341 4762 2859 1386 2225 4130 552 3150 4486 3776 2371
3099 1474 570 2951 315 3034 3523 2011 137 4103 854 4103 468 4158 1598 1698 3206 66 2777 3416
1501 4607 2068 2074 1525 3735 2733 1314 292 3161 776 1665 2601 2402 4163 3617 1139 3604 819 3822
3377 1524 1062 4128 4617 1537 3978 3523 1169 2865 3858 731 3481 250 1972 396 1810 719 3478 378
3826 4048 1851 1568 139 2868 3018 2338 4775 348 1994 417 417 1226 3887 1468 2348 798 3481 4519
2281 128 3164 1214 491 3154 86 4936 1088 4711 4668 285 1678 3153 3730 1915 2184 2 2183 1151
71 3890 1163 3514 2275 1557 4861 3189 2 4151 288 4103 4771 4484 2397 1403 4896 1609 4561 1158
4710 4000 882 2058 4130 4727 2884 1431 1928 893 4260 1521 1216 1469 2657 3129 4743 3631 3799 247
2954 3874 3075 1149 4283 992 1913 1356 1326 3846 1298 4628 4363 999 1201 4147 3067 381 1438 1787
3918 2858 2657 2954 2445 808 4727 4019 4197 4347 1154 221 1332 3554 4055 3696 2537 3238 2315 3439
1597 828 2372 2371 1152 4758 381 367 2810 3075 867 144 3285 3902 2013 1795 1051 2798 4110 3611
3148 799 629 1152 4736 1861 1239 4103 1924 3835 2139 1723 4480 3639 3888 99 4260 4007 4663 1718
163 1183 3829 4634 4519 1435 4908 4785 4450 2707 3372 734 1278 4786 2139 3757 4838 1742 4674 3018
2494 2432 2733 4538 1475 2894 3976 2950 2306 417 3358 1011 2657 165 2695 210 618 3303 2472 4364
2558 4900 3018 1201 408 4010 1920 1214 3136 631 719 1073 2005 2371 4736 4519 3517 1264 116 4472
4948 2205 111 1416 1036 4992 1158 3507 3150 2940 2822 1650 730 4019 484 4771 417 2672 4783 2306
2590 4519 4783 2864 2942 184 4998 1361 2402 3502 3981 3786 3814 10 3418 256 1852 3706 4893 4518
2200 4896 4528 3260 765 4431 837 3791 4908 2977 173 2223 2444 730 906 169 2640 642 2673 284
2227 306 2590 3763 4362 2705 3070 4178 1287 2571 2436 646 728 3948 2 3301 3564 4881 719 2970
2657 4855 2593 4804 3124 2146 1457 1537 128 4308 4890 2715 1766 3303 1107 3590 4992 1742 4564 1597
3076 3550 3166 3468 2657 3887 731 2209 2368 1226 1434 3786 2947 135 3668 414 1240 1182 900 4099
4102 1169 3607 299 4055 2531 2789 3829 3154 3918 586 1982 3623 1468 1992 2213 1403 4479 825 2278
4998 4591 1085 1566 1795 2238 3099 3502 3390 1853 3714 4793 96 2950 4000 3395 4246 3224 315 833
1972 4071 1668 4489 4519 135 2943 2897 2627 4431 3038 3402 4619 136 234 2130 3918 4342 3267 3974
2237 301 4785 979 3930 734 1448 1411 2657 1287 2855 1863 1167 4764 2101 4444 891 998 417 1868
1264 3730 854 2610 4858 632 2959 2212 3699 2708 1310 2 3213 2429 2506 526 2393 1750 1987 1925
712 2263 1173 1865 1396 3240 730 3509 4455 4293 231 238 4345 3502 416 851 4750 2203 3945 4161
4311 25 1753 1177 1593 4538 1733 1165 1487 245 3236 1637 417 417 2821 2051 4783 491 4181 952
4420 1989 128 1077 2375 3087 2389 4900 646 778 903 3469 1099 2730 4976 4431 1765 2183 3272 4342
284 3256 719 3193 4 3607 4890 999 2000 670 4664 1324 3601 1710 2370 315 2877 578 4481 331
640 1184 1901 1837 2728 3786 1336 278 4389 2889 3236 3523 1597 3285 84 682 278 3306 1475 682
245 226 4248 3984 2260 4233 2463 3603 4360 4163 1888 323 4907 3550 3067 385 2182 4581 2790 4420
4175 4598 1787 4834 4842 503 3303 838 1062 633 409 3119 735 41 2185 1413 2249 1528 3590 1597
99 2135 1261 3682 3981 2829 378 730 4458 4961 4752 1803 3879 4055 1995 971 1306 2915 1339 3250
1860 1787 682 255 2760 3206 3057 315 1208 700 3315 3291 2985 371 4175 1465 1996 2827 3786 2375
3918 2047 712 3133 2657 1278 2540 2351 3337 1350 2191 4037 4431 4321 1328 4341 371 3700 1284 2430
2657 4451 3007 276 4502 4597 2139 503 3206 4594 3759 2464 417 2636 3554 4533 4340 171 2213 3829
2411 2359 3786 15 1252 2068 4750 4163 1088 1981 3230 2658 4103 2380 4758 2370 3525 1465 1980 210
4519 1415 396 2729 4238 1242 2402 4271 552 4151 2922 2700 1153 4538 2778 4099 1423 3611 4014 1450
1883 2434 1576 2146 4852 4458 1275 889 2371 2993 285 3543 3295 649 230 3808 3730 731 238 3518
356 2494 2839 3204 694 1179 248 1220 734 1742 109 378 2909 376 2977 969 4385 3192 2193 764
1504 75 390 283 3769 3822 1724 2225 4691 999 4857 2594 3984 3379 1108 1468 4677 15 4211 1609
1597 2420 4089 2402 725 841 2817 3769 3685 1409 3872 40 2691 3596 217 4152 2174 1961 4571 3285
291 134 1311 1598 2528 4323 4108 4156 2523 4101 1447 2555 663 417 2821 3285 4300 2254 945 677
4096 1742 823 3008 2657 4421 3401 2957 1789 4819 3628 3661 4350 1283 3430 1784 2915 3910 4934 1857
1323 2533 2428 1209 3984 867 163 2691 4317 3344 646 950 938 194 3429 4640 278 4481 86 938
573 1190 3854 278 544 646 4971 3261 2359 1834 4392 2676 551 939 331 3089 4538 2705 1062 2942
2135 1702 2461 3256 3232 3303 4881 2002 515 4606 4230 4616 3574 3200 4068 741 649 2185 3817 2658
838 2640 508 1481 480 514 4674 3926 2444 3668 1653 949 3285 3874 568 3874 4538 768 2537 4803
3694 1136 1415 3714 1888 840 4851 4450 3705 364 1870 4019 4804 534 1752 4127 2166 3661 1955 3607
1130 1787 4754 728 2372 4000 4878 4686 4043 1995 2612 819 1622 1368 3211 3596 2290 2202 1202 523
1920 1768 2661 4267 2091 1883 4736 2207 1680 3349 378 2729 67 4727 4424 2746 1805 4907 1130 2139
449 1315 4526 4555 3814 3477 4330 1339 4583 1447 2435 2993 4998 2263 4444 133 3874 1989 237 4323
3842 3540 4055 1766 3735 3646 3083 1489 684 1937 1314 2528 3004 1447 825 3715 3855 3634 4656 1218
838 4477 4099 3075 4039 3918 1051 2370 2368 119 1598 4929 3891 3851 3502 2414 2586 2612 3167 2644
1966 291 716 2325 2894 417 2519 488 4489 15 871 381 4418 176 2760 2537 2286 424 904 3869
624 4900 3918 1066 4101 2003 3607 4373 1893 3388 2393 4014 4343 2265 4888 1179 246 4726 4175 1950
4998 1946 3067 1099 1635 3523 1169 3471 1339 272 3502 2278 3689 2568 795 3596 1976 3185 823 823
4697 4998 4401 3550 3866 2393 1184 480 3382 3481 4686 1092 2657 2591 3057 1109 417 2821 3583 4419
3600 165 4506 4014 2176 1913 4215 313 2915 1193 1522 4458 895 4175 2922 2511 4272 417 1466 1184
2657 2528 173 3217 4392 3231 1949 4667 1011 2068 1884 4717 4758 4586 4207 2386 4580 4975 1536 1650
2238 2817 696 40 4349 4218 789 1701 2703 3887 1858 3631 780 4900 2071 27 104 4051 4869 123
4041 621 86 135 2760 3846 1774 2013 3166 4508 2904 1352 2943 285 2537 2208 4069 2415 4240 3487
1438 4277 1404 3514 3684 3781 2368 2744 3792 1913 1475 825 1941 2541 2748 3891 2970 2961 4197 1549
870 4342 4607 2411 2728 2951 4103 1575 3540 4306 3157 1664 2278 2865 2068 1154 3117 598 2713 721
1698 2451 1785 2922 2764 3601 866 2010 1473 351 1256 2436 2713 1949 1888 3285 2274 3067 1575 4545
4330 502 2612 3932 1290 1938 778 2588 1230 4009 3766 2601 1439 1159 3285 3730 2502 604 1164 2685
4243 470 3061 2381 2940 1981 375 3164 3521 3009 488 2190 2274 3337 2451 1054 23 2237 2084 3673
2736 1421 4477 3917 2608 2712 1209 3079 4152 2760 2032 1870 337 3184 2255 1560 4832 1688 2393 3982
4081 4241 3427 3721 2644 810 3854 2676 4323 3543 1671 4464 3079 1033 2719 1637 119 3782 506 3208
3817 2231 1353 3099 1722 503 4102 1919 1238 1753 2811 3887 4705 3089 3156 4021 1814 1189 2253 4743
1456 1036 2705 1870 2789 2693 4583 2436 771 4872 2056 2756 15 4175 778 2193 3502 4511 196 838
4518 4904 3940 3706 2457 4014 4478 2523 1515 4151 90 3256 1220 551 4431 4987 1596 1609 2961 3611
640 71 279 712 2278 4106 737 2951 559 1743 379 1298 2777 3887 3068 517 2200 315 2056 4037
2683 15 1887 815 4350 441 2515 3312 2370 1201 2707 3887 4996 719 798 4214 135 3607 4561 4122
1840 2278 491 441 1162 4295 4496 3169 2000 3267 3303 3005 611 396 604 3926 3646 356 4552 3469
892 3743 1919 4710 3043 2680 3042 3285 2108 2036 2497 2899 1487 2376 1888 4274 838 269 3683 551
2782 1824 4330 4195 938 4116 1165 411 1740 719 278 797 3951 4424 1801 1977 137 3948 2240 450
3224 4560 4103 738 1814 696 94 2945 1519 2842 2436 2713 1403 1740 3249 396 278 3740 3833 635
2657 1949 449 2849 2728 1091 2831 1368 3601 1121 1784 3782 830 990 169 4842 976 1236 2150 2370
2847 3523 4710 4295 4175 927 2969 2939 2403 1716 560 2545 4803 1971 2302 4152 299 2465 4240 4538
4758 2601 4695 798 4175 1073 938 3596 2371 3926 2057 4538 1938 385 3424 40 133 3388 4033 2
2402 4163 1985 4908 4610 1361 3380 2185 1457 230 1261 1383 4538 3375 4855 246 1107 2436 4713 3926
3211 3554 3725 3101 4883 2709 663 245 1522 4904 124 3874 491 333 2268 3919 761 3099 3874 1117
396 3775 503 4464 2409 1671 4727 3777 1785 4544 3777 2872 1671 2146 45 531 2281 1275 4548 2436
3676 4730 1343 4385 1271 3715 868 3835 1664 1600 2728 604 4227 646 1670 586 1668 3607 1193 2080
2108 1592 3315 3550 1702 4412 586 2728 4865 90 1209 2371 4976 1416 1775 1987 2511 3852 4783 2872
3099 3089 4693 4713 2897 1219 1597 404 586 560 2911 3564 2545 3536 4903 646 504 3974 3234 3344
2058 4711 568 4248 4350 4373 3395 2760 1982 2161 4151 2336 3048 3554 919 518 1844 2529 2911 1851
3918 2728 3874 4844 646 150 4277 1870 66 4279 4212 2343 4037 4723 3695 1007 2278 2370 4341 2015
3648 3281 3445 133 1946 4031 4262 4496 646 2940 1163 3816 4830 4909 2709 4630 1154 4324 458 2315
4758 1919 40 2205 4976 3245 3842 176 3676 3507 3729 4373 2713 3974 361 4896 1123 3120 900 4041
28 4439 2452 354 2325 780 2744 3285 4103 3874 48 3337 3256 1479 3607 499 1290 3474 825 2278
163 898 1121 539 841 2644 4068 4538 2015 4744 646 646 2381 1409 1149 3167 3984 986 212 4087
3607 3075 2760 2679 111 198 4163 3435 4330 2657 3815 3722 3981 949 3285 2464 4432 3132 2139 1180
2108 2718 1585 1787 3099 2263 4961 2048 1465 3738 646 1868 3984 570 471 2436 4185 3607 682 278
2845 3236 1163 1580 245 2044 888 646 97 597 2951 4852 2451 3375 901 1290 2696 2337 1474 2106
1438 2624 1839 2502 396 3649 1837 3771 3055 3676 2941 2970 2325 4327 4073 3529 11 4876 480 3416
3542 1787 1236 644 4144 119 396 417 4731 2601 4175 1211 3866 2575 2436 597 2526 1252 417 4207
3607 4859 1184 8 4752 2985 2702 3089 4519 896 1766 1001 3138 4667 3372 119 594 1897 2464 2444
3607 665 1218 2058 2286 792 2208 4051 4383 1706 4529 4639 2402 3483 2911 1130 203 1870 3368 3848
3656 3874 4445 2465 3167 2278 1146 2693 1488 768 3285 4942 1275 1172 1403 378 4982 4908 2370 2375
3097 4577 2108 597 3685 4735 2798 3019 1488 1062 3887 289 2520 3924 1607 3230 4572 597 4929 2843
1468 396 184 417 4479 2410 2531 1211 1645 1995 333 2319 3593 1481 1850 2126 2126 2610 2999 4163
898 2695 1132 4270 624 4323 480 1377 4900 104 3942 3731 4542 4484 622 3070 2752 1671 2484 3256
1183 4062 1664 640 2368 1545 3572 238 1884 3879 3460 1333 4892 3231 4583 15 3067 2726 3285 4248
1468 2970 4373 1952 378 730 2106 1752 2641 599 4413 27 4000 3641 3842 3891 4074 4667 3075 695
4495 4175 333 3865 2631 3752 1679 1339 2054 198 669 4389 799 1121 3473 3504 720 186 3425 1289
572 660 846 1827 3082 41 136 1049 552 3509 3646 3607 3874 2644 3425 1361 3504 778 1504 1278
4758 4886 971 719 2278 3084 4350 2082 1741 1906 319 4698 2 4903 4479 4108 823 4727 2472 417
1698 783 4031 1740 2729 1814 2359 4727 4105 1096 2629 2191 3874 1808 4101 3446 2036 3630 2465 4937
1576 3613 4412 3571 2719 586 2 1098 3238 642 1014 2118 352 396 4889 4540 3661 1438 3285 4715
1478 2084 4238 2205 3075 2696 728 1032 1131 674 417 4163 4000 3672 4540 1913 4450 2926 4125 4210
1547 583 1209 1017 257 2781 2185 12 4818 2148 1360 819 356 798 348 1442 356 90 2237 1896
1859 3574 4656 1043 1241 2941 940 4342 2943 1579 2527 4163 1492 3330 1040 3786 2182 1286 1632 4656
4487 546 687 4539 587 3796 638 90 2316 483 252 3285 1465 1105 872 629 4909 1949 1602 3636
2402 3918 2858 1884 1994 3256 1019 644 2338 2000 4760 1415 3389 4330 3383 4836 4626 4163 2951 2368
3918 3995 1622 666 678 2187 250 3004 2951 3285 4424 1629 4207 76 2728 841 677 40 1130 2895
163 1664 2306 417 872 2945 1664 3714 503 3879 1252 719 4724 1858 1492 2228 2736 2657 2087 2211
2688 2574 3540 1671 3610 4127 2590 3847 4037 3154 728 3413 2191 1784 1450 1758 3267 625 2978 2461
4758 4902 3471 976 2716 3389 3471 252 1884 3634 4239 4895 2085 3345 1888 1272 2890 1230 798 4163
4710 4000 2951 1779 3875 2288 2205 2135 574 2058 3487 2274 1137 682 40 4008 4736 2414 2889 3540
2236 292 3089 1097 2644 3692 3074 302 4987 4886 175 1355 1870 724 3628 2393 597 2596 488 2729
1439 4664 4444 2568 4152 4511 3200 1814 1040 1209 1111 1550 4505 4743 4389 4350 4804 4735 858 4292
3274 1017 4163 2789 4990 2370 1761 4468 2457 71 1465 3926 492 4051 3527 1596 4693 1813 3884 1944
165 800 49 776 1813 2874 945 3874 2798 2921 4163 1858 3928 3874 2057 1529 308 3615 4913 2872
3926 3134 4844 3130 523 1750 4013 1693 2672 1383 570 4664 4987 3202 503 1626 1522 2087 4630 998
2494 26 1784 1088 4763 4381 4738 506 2890 796 1901 2657 235 3374 1497 3375 2737 3344 2379 1789
1399 2525 4478 4667 3534 356 491 2560 3874 2336 2465 2811 3568 838 2113 2446 301 2777 1664 3926
2146 3981 728 1890 4735 4103 3380 1254 121 3193 1099 3196 3439 1915 4348 644 3285 152 2716 1646
4477 3184 3089 3117 968 4452 4809 3822 3637 4441 2414 2 1194 4640 2343 3527 4085 758 722 1524
867 430 2846 4526 4964 3874 677 1703 2846 1322 119 4905 2454 1356 3693 252 1252 2956 165 2433
2733 1210 1072 1914 1548 4726 1327 216 3430 3285 2253 4545 4581 2590 1787 2610 4937 522 2207 618
4081 1553 1006 3244 14 1519 450 3158 2921 492 2000 130 914 4775 90 1780 3453 4127 745 4957
4493 4163 3151 2228 613 417 968 3285 3896 783 2205 2911 4783 4103 417 1629 2941 2860 2588 267
2839 284 1179 3285 10 3099 371 409 2472 1584 2013 911 4152 3781 3089 4581 2790 4669 2013 2148
1534 2261 1165 3632 1260 1179 3521 3611 2644 4758 1144 4424 3303 2372 2000 741 1457 1709 1740 2368
205 2771 480 743 4496 2560 315 52 523 4500 2977 825 3242 783 182 741 4378 1359 2769 658
4758 1346 8 986 2393 4586 71 4273 198 4151 2963 2520 3091 4053 4105 2394 4656 417 363 1584
2528 3337 790 1837 461 1794 728 3738 2911 1830 3628 2359 2371 135 2115 3477 844 607 4890 1038
2806 3306 2894 409 4481 2921 938 48 2190 2220 4935 2467 1722 2608 1211 2657 3167 2068 3401 4365
3502 2758 1150 4600 1487 2760 780 1465 699 646 1780 2832 1022 4103 1104 646 1049 4900 1109 871
2976 2496 2650 2760 1560 3339 2641 2947 660 4771 2776 4730 3494 352 731 26 128 4867 3098 3194
293 1757 2545 4210 245 356 27 3782 3007 1009 1226 4538 1568 3561 3879 1643 1332 646 3646 3838
4998 163 3261 719 3730 2821 3550 2846 3119 4071 819 1403 1881 2502 2882 437 3173 3502 4433 2183
2289 783 4273 1118 351 4762 385 2789 4125 599 3523 3072 2104 2532 2370 4341 2467 3550 3887 718
3099 4855 833 4929 646 3068 4700 1459 4105 4078 2721 4640 3631 1481 3529 3476 4019 1578 4243 1834
2627 1609 4490 2713 2472 3349 556 3638 3972 3084 333 1413 1787 3874 101 3706 1599 719 4645 1413
3918 131 1465 2191 574 1054 3744 312 3607 3245 586 3662 2205 3851 2760 4424 1391 246 4758 3208
2537 291 480 4771 417 3509 1938 2306 4878 4566 245 2789 2055 4697 3285 3874 3530 730 1365 1475
846 1150 4208 2436 1860 1197 798 2986 4175 2457 4293 2368 2656 4325 368 2205 2600 563 1610 3940
4175 2134 3234 523 680 480 741 99 4538 1598 1814 2200 280 823 2911 2465 4439 3676 2084 2161
120 3607 4037 1941 4581 4617 3704 321 841 378 1624 4674 4295 4914 2520 998 1179 4151 4672 1866
2799 4903 2977 586 895 839 3179 292 1378 2843 1540 4954 4458 342 252 1356 4511 1730 3337 3120
1323 2305 1897 721 2032 3672 431 2507 1997 2217 4108 2657 1361 4033 4769 4127 2305 2054 3617 1109
3363 3098 4362 15 3132 3685 2855 1323 3173 4482 2941 292 3888 1238 4744 3285 4341 417 4378 3842
276 1024 2191 1344 1040 1040 3303 3034 4454 778 4942 132 3158 1619 2473 4403 4101 39 378 730
3918 3469 1028 1598 3289 2316 2599 1146 4780 1117 2055 568 818 4127 3352 1088 3613 249 1458 1664
2376 1539 3395 3699 2509 2715 2068 3215 1416 4727 3811 967 3440 3132 3204 4804 3949 4363 503 3601
62 3887 3890 1657 4423 2402 2610 4822 2132 2249 646 461 2744 176 352 4876 3075 4000 2696 1211
4175 4310 180 3879 409 64 136 2941 1466 4224 2013 4867 3887 468 646 4874 210 2863 3255 4538
4144 2130 3595 4014 3076 2703 4844 1780 3984 725 2136 3157 3084 1323 4793 503 719 2375 3786 4181
1180 3874 1629 1851 4855 882 1130 3098 2054 2472 491 4378 1792 1475 1416 3134 4566 3193 2746 3664
4477 4342 4000 2486 2814 597 2821 2846 276 3607 578 2345 3786 2510 4964 1327 4430 1710 3886 1870
1108 317 4484 1220 2343 4051 3182 3984 171 2246 1501 3234 3439 417 4844 4511 2724 4908 1008 4860
1436 4682 2014 1949 2343 3643 4511 539 3502 3739 3540 768 2693 3829 1036 390 120 1403 2760 3035
4464 2081 3236 4250 2945 4380 4218 4465 1439 3442 4000 4960 3120 3285 3984 602 945 2084 3672 3548
1951 3953 1139 4876 4607 3178 2974 669 4420 3835 1252 3256 4486 4051 2590 1040 151 4475 296 2798
624 907 3883 40 4616 218 1438 1525 2939 3363 2389 4660 1413 41 3918 2563 4747 710 4775 4768
4998 301 447 2139 4554 2991 1088 4127 2305 2701 4477 1107 1092 4763 2657 1324 2682 1439 4163 4457
1779 71 48 2068 4186 1465 3166 4412 728 1201 4071 4538 2436 692 4435 1164 1787 2015 3727 2185
3918 3298 1800 4711 202 2342 4674 1442 1858 1597 2454 2719 1752 1989 999 4363 961 173 1055 3097
2185 2217 2402 40 1905 434 3611 3158 3874 1831 2015 2657 1854 731 3231 1766 4346 1088 597 677
2657 1952 2760 2030 721 2918 986 3668 3125 2278 1431 4033 1178 3811 3773 2486 198 655 3305 1431
4703 754 1623 4664 2707 2467 4308 1118 4720 2901 4900 4538 2904 534 4942 3695 1897 3634 4900 3601
3785 2710 1313 3285 3523 1814 1914 4581 3735 1989 1357 3158 1952 1858 2494 3469 1605 3558 4442 3389
2644 1637 796 4686 4664 1645 417 4526 3123 446 756 529 4037 331 4896 1410 685 2865 4013 2657
3268 825 4066 4006 4068 4051 4960 1314 2624 4450 1458 2612 4731 4832 363 290 2693 2437 4364 990
505 1837 387 3033 2647 3752 459 4818 243 1266 4389 1437 4163 3013 297 2644 1091 4348 4881 4376
1143 3370 3504 4037 4817 299 1199 3773 658 1088 4243 2257 1341 2237 3241 650 2657 1698 2032 3105
3656 136 217 560 1446 92 4175 3144 3285 2108 176 3389 4191 3540 1146 3978 2451 3941 1735 508
2903 1580 4341 586 1400 4881 2279 895 378 4758 1481 789 2090 233 1447 4558 2684 3643 4844 2414
1865 4942 66 4377 2436 1874 1950 1035 2693 4918 2073 4373 3763 3631 525 333 1885 1598 3285 111
2108 1815 4308 4758 1169 2354 506 1820 2205 1489 1846 4453 2657 1598 3866 4617 1854 3481 3398 1108
1468 3440 284 1529 3167 3171 4908 2693 4416 1597 2590 3390 4544 2250 1107 4556 2403 4809 1299 2013
2556 1478 2675 32 387 4000 4175 396 3879 1438 4417 3607 4297 2407 506 2940 3020 3980 2541 2758
3607 468 2061 3429 1462 2207 2531 417 938 480 4359 2763 449 180 3920 4656 2541 3879 3981 1185
1439 3729 4499 291 2644 1179 3234 2894 3596 4240 3344 2951 3075 1489 1299 1836 3786 613 2368 4450
3637 99 4403 503 1829 378 1146 4695 2108 1598 2528 3119 2407 1481 623 1665 2543 3379 1814 3798
3200 3796 3303 4480 1257 1146 2365 333 1367 4538 234 761 721 3592 2237 774 3194 1322 4151 3234
752 4041 2889 2374 4438 4163 3574 4464 1222 3611 1742 1698 2008 1780 3639 4766 4768 1298 4266 1991
722 233 855 378 4323 2307 1814 1994 4771 2368 646 2985 825 2961 2089 1328 3514 2278 3927 245
4816 2644 4127 3268 3502 2264 480 4068 3523 1180 2250 4869 860 3234 4103 1360 2 2843 3103 4105
3918 2533 1611 4953 3180 2737 135 2286 938 1986 4713 387 4518 4240 623 69 876 81 4314 37
2657 1333 2353 4362 3658 4942 753 31 3617 2774 855 4744 4392 2673 4338 1644 2709 3405 384 1194
4710 719 4518 1281 3169 1088 568 87 3774 4175 2281 2278 2520 2631 3963 4763 1321 3730 1254 838
4697 823 1303 586 505 385 1184 1154 552 733 4746 1977 2713 106 1062 4894 3523 1691 2908 2136
4175 777 2041 1753 2894 1856 2148 642 2528 877 3646 3607 2153 2375 2737 15 228 719 3047 4677
838 356 3556 1972 4538 3829 2511 731 2863 27 2334 4350 1434 4345 319 4345 525 3070 496 4509
838 4055 3773 2414 2524 4102 1403 3161 4038 163 3874 646 944 4330 4646 1551 1629 3613 224 2306
3235 4493 4268 4983 1584 2865 4680 4276 1576 1465 492 3617 4013 3714 780 4900 2770 2089 3643 1812
2146 1597 4004 4007 773 2136 221 1115 3948 2236 3161 1865 2911 2853 1977 180 2747 1753 3618 1222
3469 1090 99 1488 2359 2132 1191 3473 4363 1784 3502 3981 2359 2903 4903 1839 489 4075 2122 2084
3249 1323 3887 2263 2179 2322 488 3540 4508 385 4725 841 2306 3069 4393 4105 2835 3655 3103 3852
2231 966 942 2806 1107 1809 1888 1839 3436 2904 4302 3835 3628 1287 2263 3829 1167 3094 210 122
3879 493 578 2823 3136 2103 579 1773 3120 2179 4323 3349 183 390 4051 2142 1465 2943 4852 1465
3200 2469 4286 489 4431 3554 1688 4921 2789 73 778 546 2253 3911 2089 741 1413 4103 1209 2107
4049 719 2970 4010 4608 2462 1741 993 2205 4991 3682 390 2764 3218 955 2249 1117 2368 4844 278
3978 1914 1766 1743 3856 4106 4714 2921 3596 1447 2942 2554 4616 4000 3191 1226 1545 2245 2845 3026
1827 2528 4000 2160 682 1512 1501 3234 445 2961 3153 2263 1945 556 2710 2748 2121 1752 333 1435
137 1376 4607 4615 1870 2053 1522 2911 1065 1814 1866 2062 107 314 3523 3075 3005 1290 4780 1333
2231 2960 3267 2610 823 1863 1888 4519 945 1870 4111 2546 4772 1339 106 4924 2148 4758 1442 2571
75 2863 3961 2263 2781 4871 2205 3231 3213 3595 3948 2978 2238 2450 3305 829 830 4293 1913 2352
3057 491 2486 491 4062 1125 4163 2789 4996 1598 3231 3931 1549 2705 4538 4680 2728 1025 3267 2492
838 3469 1989 1314 86 2205 2212 3099 4152 1416 3887 2532 3111 1374 4318 2263 4508 278 4274 4082
2610 3349 2278 2802 728 736 3067 4865 2057 4240 356 2402 669 2661 1251 4069 2465 3984 164 4806
4758 235 2087 2263 136 1073 3171 1385 4656 646 4405 638 947 3375 3763 1566 2705 1602 2484 4744
4581 3846 4439 931 3514 2278 3430 2713 4538 2263 4425 3103 3874 3672 2846 2226 1078 4518 2068 2068
2964 3918 2894 15 2368 677 4218 3874 1987 2136 4465 2644 2237 678 2855 1481 2599 2221 1017 4019
3416 2705 4292 2 4056 2806 2539 4976 3554 3067 2142 4826 1914 594 3540 2290 1172 4212 231 4349
2558 2235 3265 642 1869 210 3481 66 1267 1595 271 3070 4824 4518 2010 4238 1073 1665 4163 2771
1597 3162 3845 3730 3554 3984 3822 3005 1085 3739 2908 4593 1508 4973 1870 858 2922 3502 333 449
4496 3075 2543 1222 4127 1290 90 2528 4363 892 269 1528 2630 3145 3503 1785 4900 548 450 2123
4293 3503 3439 1656 1032 1092 4686 3869 3401 3002 4082 2942 1154 3503 4424 3717 2959 1766 3887 4264
2146 1059 1522 1358 283 3503 4960 1565 912 3916 378 527 694 4103 1520 4240 4051 4807 228 1930
4758 1099 2730 1350 4721 1870 2792 830 2191 3154 1222 2139 433 2310 847 2152 237 1861 572 4230
1787 4830 2534 2541 1210 1075 2136 4036 3504 4198 1097 3897 4103 1930 4564 4243 2945 215 2657 49
4838 2599 857 545 4000 417 417 833 4457 998 2375 231 2255 1104 4125 3200 4127 2358 1982 3335
880 3250 4566 1994 2624 1339 372 367 2744 2511 4953 768 4545 3285 3874 4103 4103 3380 646 3124
2627 4127 4972 4909 4037 4101 2036 4343 4785 3217 3120 961 4664 578 3285 3161 700 1671 1812 2554
3416 2533 2954 1890 2255 3929 2010 384 1722 1711 3034 2770 3525 2191 1575 4896 2010 3864 4626 3981
4426 882 838 901 1622 4055 776 3575 4333 1714 3887 348 2352 165 1230 1341 3643 646 3475 3161
4758 2533 3167 4362 663 4078 645 3425 2657 2343 3500 503 318 3926 396 3603 491 3692 3974 2151
689 660 3788 2478 4994 4769 449 4079 2281 385 3077 4279 2582 176 2461 789 3285 2657 2657 3523
3045 3380 780 4900 3267 4726 2911 3494 836 4428 140 384 3607 1474 169 1622 2778 4630 4720 2436
1860 4127 468 4908 2977 2676 742 1043 2512 1784 1664 4424 3200 417 2926 203 4664 3126 71 1881
209 2108 3770 1787 1533 2263 1938 2537 4834 1638 1512 346 3303 3234 4103 1623 3601 3774 3842 2908
810 3178 1360 2945 40 1191 4540 4215 49 1512 3416 174 1728 307 3954 2191 3887 1473 3786 4342
1323 4626 2610 4447 4491 3930 245 3502 4973 3590 3521 4720 3285 3984 1381 719 3668 2866 4519 2729
519 3874 3769 3984 1036 250 1169 700 3869 278 2381 2866 173 2004 4098 1290 4505 1162 2445 4373
2255 2442 4727 4081 3730 552 4703 4105 3429 4488 2657 3390 1815 2545 2032 3481 4518 3184 3324 2068
3200 2848 4375 223 1083 4698 2181 4664 4267 4068 1609 2139 1402 4292 1722 1484 439 4466 223 2331
4435 2205 3226 315 1728 4471 2 938 641 252 1035 4977 1294 4763 4987 2944 4431 4881 3928 1870
1581 2263 396 40 1919 503 139 3119 4074 2855 418 2489 826 2977 15 2729 1465 135 2550 1252
4144 4767 1202 1581 3765 399 3130 4333 2290 682 2482 1323 3974 4800 4008 169 87 715 3887 823
838 2191 719 830 3607 4561 1784 2817 3507 2672 4051 1431 3283 799 2148 2286 2644 1547 2286 4992
4703 2652 47 2370 3075 798 1529 891 1680 1989 2970 2711 2705 3035 3134 2811 998 3161 1340 1933
4758 650 450 1288 4055 4771 3424 1977 4810 2343 3601 718 948 120 2937 3984 3380 631 1149 1109
3067 491 1667 4127 2375 901 4330 2045 3984 725 135 1870 1388 4041 4117 3643 379 2263 4350 3858
607 1211 52 4706 1813 428 1361 944 3744 3629 2108 1576 2911 2703 2809 210 4453 945 41 741
4098 3744 2733 1202 3303 1431 3416 3571 4710 1382 2068 825 4423 3926 1989 2806 4977 1632 417 3571
3757 1901 586 4981 278 1780 2254 2278 1073 2003 1780 2661 90 1278 938 3368 2711 3372 1424 4345
4102 3429 939 4054 135 1107 4496 3284 765 731 2915 4152 4227 2887 4763 646 451 4136 2338 4190
3607 3514 4843 3228 4000 4055 2240 3683 4730 4019 3134 2657 4746 2263 4478 3303 3930 2748 646 2904
373 4763 4246 4544 1946 48 949 1545 1256 2504 4479 3211 4736 305 1758 1038 2370 1868 2278 223
2363 4435 429 4099 3940 2375 445 2079 2382 832 1097 1752 719 2335 1252 4243 2762 3472 4330 49
783 1089 2941 431 417 3829 4640 1914 3470 2433 3514 4686 646 2656 2877 4251 1154 2631 104 1077
4243 47 2903 4994 4518 765 3120 673 4536 586 4156 2543 348 233 4664 3972 4000 4511 2136 240
2150 773 171 152 4227 1787 820 40 2073 2939 276 1040 4903 2976 3596 1768 3491 4390 1985 775
3236 3636 2839 841 2010 3757 1040 1522 4715 1482 1260 2493 3424 2095 1386 2139 1236 3285 2571 394
2657 1323 2861 646 3835 385 2305 1758 4771 417 3813 390 1252 1897 1973 506 4556 1169 1471 2657
4477 361 245 3236 3072 3315 276 2191 2769 4238 1242 2214 3303 2249 2951 1260 3623 560 1693 4210
1346 3469 1972 2703 1474 1913 1272 3013 3782 1278 2570 3714 3256 1626 3231 1136 1798 4637 4163 396
3607 2200 3879 3206 3694 3504 1619 250 952 1610 1077 517 2051 4324 4564 3502 714 468 632 4713
139 4767 2205 4809 245 4153 3572 3416 646 2015 315 3874 1987 3206 1972 719 3034 4308 4172 2046
708 695 2730 3661 2511 730 4163 40 4736 224 2358 1393 2602 3161 1780 1222 278 2855 176 3852
4396 1576 3887 998 384 4000 2071 245 1065 4116 3303 2988 586 3020 1881 3440 4713 4323 1807 4607
4827 15 1834 4276 2365 15 1698 4758 568 4664 818 4405 3069 191 4246 2389 1323 1769 2186 3887
1597 447 4464 1598 1465 4876 3285 1814 2760 1560 1851 1611 1884 671 1624 2815 3948 3277 2610 441
3363 783 390 3869 4420 3728 1323 1150 1279 2140 1920 1575 3948 2599 4019 1866 3523 3523 4330 443
2209 3596 1184 2922 4078 2941 203 15 2911 385 2410 3888 2278 4686 176 3757 3874 2057 3745 4838
3694 1260 3968 4271 1670 3887 3774 2847 3225 2371 4459 3473 3241 3575 583 4852 2469 2865 3440 1004
838 313 3117 2263 480 4666 932 313 2520 3502 799 1560 447 1785 2911 3553 2905 4591 1888 2068
4127 3460 84 4900 2469 857 4220 2071 1884 1909 2612 934 1435 4788 4041 3275 4210 4479 4780 3268
4544 417 4844 2465 1038 2657 1073 3962 2436 2403 228 2017 3303 3763 3637 4538 4865 2571 1941 1815
4743 2370 3450 4548 491 3590 1312 882 2169 2644 1522 2612 3926 2065 2530 891 1667 4539 3478 4960
1091 2610 880 3984 1282 719 1786 4550 2068 2068 1952 2644 3250 4458 2597 470 4902 121 4323 842
695 1581 719 245 2624 3617 823 4401 1766 1088 2013 3887 506 3695 3550 323 1946 646 1991 3550
449 775 2437 4908 536 240 3430 682 455 3530 1709 4056 2531 4723 3533 3337 3984 646 1664 2410
3596 66 2984 867 4855 1576 3930 403 1913 3600 4538 3540 2664 4936 646 215 3908 2465 2599 527
2015 68 3590 3217 4533 2462 2644 1011 4127 1290 1354 4594 1368 655 2099 2397 3303 2279 4152 4471
822 1890 4648 3303 4727 1252 4855 1011 4037 2190 4908 939 4178 176 3656 646 4725 4900 871 446
1665 4163 4519 4857 2925 3607 3187 1162 4226 3811 1670 4914 1287 240 3200 3658 4954 571 1474 518
4175 4637 4152 3225 4900 3765 4538 1664 4588 4990 1435 2304 4037 1319 4382 1019 2585 4108 829 1837
163 4106 4720 1152 2442 3731 1140 3285 4538 3540 1994 3222 4738 1190 578 1886 2961 2467 411 2015
449 1060 3634 1598 2139 1109 4466 4939 1283 217 1851 2465 4645 4554 4935 4909 26 212 2036 2472
1698 3204 4469 1511 1275 2911 1313 3380 2760 3994 3407 3982 4232 1409 47 4319 1711 4456 1487 4175
4175 1750 2286 177 319 3935 3886 492 1150 2922 72 3134 1815 2147 2130 254 2543 1522 3172 700
1436 1730 670 1888 4350 1926 2760 4330 2939 2127 1528 4508 2402 500 3367 3977 938 2279 4152 2402
4477 4589 4240 1509 4342 2863 169 2790 764 2292 3668 1006 2370 2375 866 3956 1201 417 758 2809
3309 3666 352 4992 301 1357 2068 2644 4293 3874 3947 363 1096 2656 661 695 716 2719 169 672
3200 4613 1270 4792 4608 731 1933 137 3891 1013 372 3038 1795 1031 2737 708 4549 1675 3874 583
4081 403 4855 2543 1531 2701 2444 2287 2329 3200 363 3120 1566 815 1837 1997 1664 480 2686 3835
1860 4677 3874 1831 4766 646 2769 1692 4792 4554 3395 1528 1595 1474 2414 2139 276 2713 1146 2763
3416 71 4055 1130 3606 2071 3731 4478 3729 4640 4110 10 641 963 2249 4727 2502 3714 319 1159
1590 466 1017 4495 3738 3770 2657 2068 2068 2068 2068 2068 2068 2068 1888 2068 2068 2068 599 1859
2176 1226 2821 1063 1396 3302 4895 4028 3285 2171 1868 4019 2305 2760 311 882 3952 4127 1006 2506
4175 165 3602 4353 1313 1252 4271 10 3352 1355 2000 418 682 3235 669 2104 3057 3300 1017 3005
2361 2728 2729 86 1165 1109 741 3760 1870 1357 4686 1888 4574 2791 4962 1740 4197 2212 4037 4723
952 1333 4489 4903 3285 3984 631 2457 913 2504 1957 1888 1718 2368 1240 123 354 1294 2693 2733
2372 901 1982 3335 1078 1234 1097 3974 4241 4564 2465 758 4957 3790 2045 116 3125 4942 4508 1854
3918 3554 1461 993 4220 3948 3974 1894 1870 1718 728 2711 2231 3094 2231 3435 1462 3502 1245 4992
3377 4855 4726 3982 1839 680 2945 1108 1922 3477 1024 955 3940 4467 2191 1162 2417 4198 3172 2631
3244 1333 2764 4014 4152 4754 4103 769 2000 523 4241 4915 3386 4694 889 1279 1002 3918 1231 4241
2657 3656 4586 2903 2163 3741 1888 2644 4127 1138 4000 4037 2081 4122 818 106 3451 2527 1088 4373
2286 2081 1416 2302 2694 3683 3439 3078 176 145 3596 1328 882 508 3243 3337 3642 4538 4431 4324
4758 2753 3511 825 2371 1089 3179 3842 2527 2371 838 1153 3574 792 3738 4538 3569 3390 1945 2543
3068 3007 4019 1925 4595 3247 3134 3031 825 2707 3870 2874 2760 963 2272 2454 2921 677 4975 2878
3918 2728 989 417 4103 2068 1025 638 1146 4832 4758 4007 3352 356 3961 1593 719 587 3134 719
3841 3802 260 1598 4484 111 119 2278 48 2013 372 4037 3984 1913 136 4564 3886 443 646 670
1972 3967 3100 1814 278 3494 305 1786 1576 2974 4766 417 2730 4008 730 380 1664 4311 1474 2213
4990 4014 4514 1435 4538 4669 4696 4686 2705 24 2737 3613 2087 2644 1885 3570 4158 4710 2089 3204
556 2612 3836 4342 3430 731 2108 506 2951 3540 2951 4127 2290 586 1872 638 2063 1507 2707 3362
1439 3729 881 604 1753 482 3471 2371 1919 2253 378 949 3523 1319 780 1740 2782 4936 2338 2541
1008 2135 334 4029 4469 4000 3389 396 1722 646 1025 3634 4855 798 690 2126 3099 2631 2306 517
3523 3303 4727 4099 2657 2560 1636 2791 106 4538 3682 3032 945 2359 1088 3416 4538 1664 1378 2056
778 3035 4948 1863 3430 3132 3285 2942 1209 1597 3942 3874 4101 4667 967 72 3575 1598 112 1487
1323 3729 3000 2942 4996 1918 1702 1784 1941 4924 2947 2545 3574 313 1691 2789 2520 3514 3075 4550
2372 4611 4325 4838 4752 1260 4758 492 3439 4505 2220 4667 719 4506 3271 1575 135 1924 3866 4851
1985 1989 446 3846 3844 3854 27 3447 4758 584 2904 2711 2728 1834 1892 2338 4000 3502 3984 631
4175 3940 3572 4762 1220 262 4723 1275 233 4013 1752 4166 1888 417 4502 3013 4243 3866 3607 3504
2612 1238 646 2908 882 3515 3161 2693 4432 3752 4099 4909 2263 4323 3543 3236 1742 818 4330 3604
3858 4099 3116 163 1784 3926 1163 674 2183 2880 3070 4485 2444 3835 4594 3488 586 2989 182 1977
4477 3739 795 3874 3248 488 381 3591 646 131 3607 4103 2760 2711 4728 1784 4714 4363 4099 1330
3236 291 4371 1814 2851 4766 4564 3564 100 1109 3891 646 2200 2610 2770 2368 4863 4769 3285 1728
3864 3905 782 3569 684 2696 278 4841 3131 3502 4243 3872 2368 4583 838 4982 3289 2792 4832 1547
3377 4431 1287 3967 832 2526 2821 2191 2851 680 343 4839 446 1085 1548 3114 838 559 4518 3462
122 4271 2014 2921 3504 183 995 4127 99 2591 4403 4713 2895 3285 2472 1272 1836 871 1883 1099
166 3920 1226 4538 2714 315 1102 798 163 2909 165 4444 2141 2523 1146 1201 1062 888 4543 1794
838 3730 2480 1528 3075 2534 2109 1888 1888 1888 3082 1742 1456 3948 3004 4431 2911 1814 4181 186
2146 2467 2926 3271 1747 1759 2883 188 4129 301 76 3120 3588 4690 2075 270 2758 3828 1722 2152
2861 4693 1753 3230 712 250 3303 3765 1287 2533 10 4890 526 15 3059 2397 3539 2610 333 3227
689 3865 2015 385 1888 3424 4637 577 4417 1622 409 2095 3617 979 2846 3120 1758 4903 3425 2472
2494 417 92 1182 4175 449 1645 2395 2465 2253 531 1909 697 4066 4154 3134 1256 1868 2863 3869
4758 2066 2789 3984 2790 2708 1671 3154 4763 3692 4973 3550 2352 72 531 4957 1957 3945 780 4572
3150 3002 1323 4529 2855 1946 4000 4163 1622 737 2730 51 3867 4127 2657 1972 4120 2504 3200 2335
1951 4478 2846 67 938 1594 825 948 4626 176 4598 818 1924 1989 2578 1059 3842 4528 3657 2591
4903 2976 3833 3959 4000 2575 4485 4865 2286 4265 1252 1946 4062 4302 1533 4477 1260 925 808 1456
3429 4344 176 1169 1163 2557 2544 1139 761 592 4215 3055 801 4304 1787 4436 574 4670 4431 304
669 3370 22 4892 2657 2005 2397 682 2519 1210 4181 4000 3131 60 1036 4031 4637 2644 315 3443
3734 2726 2004 2469 4207 3643 3979 4451 3829 3617 2371 3563 67 969 385 1295 3967 2545 3608 3548
449 4050 3590 2711 111 1387 825 938 1234 3879 1913 1972 967 3512 2596 4485 183 4996 2108 763
2146 2136 1088 3572 4103 3415 3117 1837 3166 2058 1376 4513 3253 3227 4187 1059 3070 4855 235 4978
838 2649 262 3135 87 4 1457 4177 3837 1154 2711 3103 40 3994 3763 278 1698 3416 1163 2782
4998 891 2940 969 1785 3980 43 2744 1465 2778 825 4273 346 3540 225 1089 1184 693 2685 4051
4175 759 499 4723 506 2879 2817 598 2610 3502 4068 245 3918 2728 4237 4218 917 1388 2737 1595
2627 1182 3874 2338 3874 3596 480 1688 2494 4765 4392 491 948 780 1163 1393 1946 3777 4508 385
1972 2066 4908 2782 4286 3550 3974 825 2171 2091 1914 1160 3896 2631 646 2896 4902 3212 2911 1688
1619 2729 4431 354 186 2211 4674 3961 3563 3031 2436 3360 4954 3676 646 3726 1702 4450 424 221
4435 198 1949 245 2354 4518 3984 1985 641 3460 578 3729 253 1162 1396 262 1989 2031 2920 525
3607 3309 4037 3144 4479 2402 40 1934 1819 2570 2702 1059 4465 1108 3256 1722 825 1575 4392 3994
4432 4152 4273 2992 506 4243 999 2254 2139 3330 3866 4061 245 1300 4261 3360 2352 378 4564 1163
4518 1622 3699 1946 2015 3378 2696 1462 3285 4264 2816 545 2359 1594 1952 867 1290 2127 3648 2947
2409 3262 3388 1202 761 971 3554 3070 3714 1629 3604 731 3285 2254 4342 1557 2177 2247 1193 165
4542 2851 1687 2136 3501 3940 4554 2032 2013 3523 3523 4538 4842 1324 4427 245 1459 2370 2352 906
1054 4607 3874 4055 1154 2375 2502 396 3300 2118 1933 3782 471 4954 2378 2436 3389 1904 2259 1834
2657 4714 4508 4809 313 3668 2275 96 2318 661 4037 2102 4744 3285 3984 4276 2205 2624 3395 1994
1531 712 2281 4623 4855 4456 769 3206 4078 491 1188 1465 3682 2834 3639 1017 3529 2970 2278 176
3416 2602 4565 3942 4469 683 3821 68 3540 2451 2586 657 2906 1953 4000 284 417 4734 2806 3919
796 669 646 2472 2834 3770 4004 1904 3828 4571 3685 1173 304 2981 1580 2139 1140 4420 1498 333
1260 4246 1785 2205 4363 4937 2947 720 4292 3617 1870 4168 1165 176 4667 660 278 4055 417 3611
2882 1633 3848 1794 1104 3119 646 2231 2760 3380 4274 4957 867 874 1618 741 340 2306 737 2693
4727 2591 2108 1682 4680 4363 753 3634 4268 243 1509 1664 1322 2472 367 2558 780 4479 2013 3601
2644 2985 3236 146 4720 345 719 4540 4 1837 390 4074 4496 2237 2984 1158 1629 1671 4103 1757
2641 4626 1043 3303 3550 1040 4998 2015 417 417 2057 4731 385 1952 2631 4377 2472 3481 1252 2644
2680 1374 2610 2995 1800 2528 223 3887 488 761 3475 2135 123 2961 1272 489 315 4956 3514 3132
4990 3994 2629 842 4102 2139 3617 1124 3312 1953 2777 1451 3773 1169 3782 3739 3540 2769 4664 757
2627 181 1638 3089 640 2208 2696 4279 1769 2212 4908 2863 2397 2139 823 728 1933 1465 1105 4667
2652 3067 871 3267 4754 1949 4008 3151 2902 399 480 4163 3005 3602 4994 4332 2532 4197 4663 233
4127 3961 1466 3135 1180 2760 2313 48 4860 284 3882 4538 4944 3843 415 655 3682 1265 2610 3414
3918 3148 799 1779 2429 4055 4210 2000 3477 2143 3658 1431 283 173 3382 2454 3502 4273 1065 2237
2402 1550 417 1752 4071 778 1086 1597 4427 1368 4534 2370 1109 3661 4432 1528 1295 4924 2 2136
1481 4060 4331 4878 2696 278 983 2727 2657 378 3926 694 3660 135 3375 3247 2639 4798 4181 1745
2108 1403 2855 1287 3039 780 4908 1022 1211 2596 820 4508 4508 2343 3503 531 586 2970 3494 2951
401 4981 1838 3730 1038 2263 4213 1459 1515 403 4068 3643 2791 396 40 4960 508 3714 818 1209
3523 2782 4458 2480 979 586 4664 1328 4152 1691 4144 94 586 3948 1356 3006 841 3182 1356 3940
4435 1419 1795 1870 765 110 2128 3874 2851 4323 3257 3362 840 2701 4086 228 1605 3007 506 3540
4175 4078 1547 2838 2889 2940 2769 4785 2023 4903 4273 1209 4896 1670 3887 3191 2263 535 3607 2863
3503 4008 724 2649 4768 1072 3551 3786 4122 808 2191 4637 3554 1130 1665 60 1858 1787 4992 474
441 2106 1428 503 4000 1578 3605 4105 1956 668 2010 4078 3947 4624 4103 3380 321 1949 1388 3303
758 2236 3835 1761 2313 3167 4163 1897 2884 2696 165 3395 2890 901 866 2541 439 3076 3114 1787
2528 660 2174 1814 367 1785 1457 3103 1154 825 4608 896 2696 227 1519 535 3887 609 2357 3285
3607 4342 2527 4987 3170 2640 4852 2143 4431 2263 4450 1092 2340 898 2359 1871 1072 27 2101 1462
3949 2015 104 4908 369 2802 4288 4750 356 687 40 727 3507 2907 2880 386 3976 2702 2420 245
4435 72 2602 3962 4666 3825 4051 176 3828 2095 2511 3682 3374 1686 173 3387 3285 3984 4909 3729
3694 1290 4538 1439 4667 3668 3044 2631 3004 4763 2890 2657 4420 2166 212 1416 2272 3848 1350 3188
4998 1416 2252 1393 4538 1000 1409 1244 2465 3596 719 1431 2890 4051 1073 60 3697 1730 210 2624
1323 1169 3887 494 1241 1568 1915 1854 3817 4363 94 3993 1163 2630 3390 2237 1199 2627 3541 4070
4288 689 3762 1814 3521 2387 1342 3512 2142 2564 1757 4065 4586 2061 3303 2402 2414 3391 3521 1121
1219 1934 3899 2657 2286 2411 1598 999 2375 1278 3763 2089 315 2702 4900 2941 1575 4166 3619 4727
3694 4855 2298 560 1128 378 2519 210 1617 4348 449 1289 4844 3445 735 418 176 1278 3312 2560
3890 597 2907 3040 4105 319 1913 81 3390 2340 3075 949 3132 4458 2472 2915 2520 999 838 4710
4175 92 2696 2402 3223 3144 1698 4581 2414 2437 2502 4132 3887 1858 2436 3391 1693 301 4152 2191
2627 3089 3509 2068 2068 2068 2479 4136 2644 163 2718 3874 3782 4383 4215 3188 3347 276 213 1533
351 1162 3164 3204 1035 4108 1898 3835 4163 3607 607 2814 4536 1787 825 4954 474 4007 2185 2152
3694 4194 1091 1008 173 658 4261 3682 3596 4157 1361 2054 4538 169 2359 4874 378 2265 276 2109
3406 3132 2170 2077 119 1866 1664 855 840 2701 4000 4834 1106 4115 1107 548 734 3200 2716 3389
165 3759 1599 2890 2338 3507 121 412 1988 216 3132 621 2713 1787 2763 3166 4453 552 3460 1688
3683 99 3763 4152 728 1267 3236 385 2531 246 1036 3206 4276 176 3835 1328 607 4163 4727 404
2011 1481 2512 3848 3504 4458 1866 1664 3930 4868 3919 933 2918 1438 646 136 1298 2 1098 3970
1438 4245 439 646 2394 857 767 2855 245 2781 2089 1101 1426 4834 621 245 3890 3622 3560 3540
4991 2370 4152 2617 4408 10 3267 252 3506 2843 4292 4323 3349 3315 4074 1870 966 2148 4691 49
4175 3879 356 3390 544 4900 2436 3622 3508 4538 409 319 3887 2810 4727 526 3291 3200 3213 2523
3099 491 364 2691 3554 1474 135 1667 3786 2494 3951 271 1884 2761 4435 2171 4514 3234 1701 1252
4477 3917 3010 1711 2358 4516 3388 3918 3181 2984 3234 2692 4585 4108 4458 2586 3887 3204 819 1409
3607 2644 364 3502 3981 2612 2121 597 3752 775 1487 3930 3607 3184 2553 2556 3475 2821 3234 1812
4175 2302 741 479 2420 4780 137 2523 1475 4608 3285 3786 4695 847 617 399 3693 1466 1333 1821
2402 1183 646 670 823 728 4695 1598 2528 4151 3887 4556 4127 434 4107 743 1952 2255 2338 741
135 4695 3256 2915 4243 2091 4421 2527 3445 499 4055 1163 1761 4427 2990 646 294 4000 3842 1844
2146 3429 3887 1437 4082 2480 1897 3406 3132 482 396 4421 1431 3613 1167 2922 1597 2437 449 971
292 3906 1909 4008 3303 3416 3786 4583 4572 4355 586 3214 4852 1620 2465 4062 1072 4197 4727 579
4420 971 586 4817 3236 4248 488 1356 1465 2512 730 3702 4758 3611 1785 2349 4019 1072 1740 4163
1859 2380 2041 1704 2139 506 3187 2601 2236 4243 604 4089 2904 845 2359 135 3438 378 4698 2657
4743 586 276 1368 203 1767 2120 2988 4711 3285 3874 1597 1522 2519 503 362 3148 4101 1237 2211
4110 332 2380 1977 2437 3765 1919 1952 2631 752 3120 646 3514 4426 1438 1446 4626 2013 829 2512
3607 499 3628 2236 3994 2191 4054 3786 3523 3637 1664 4874 378 866 4105 492 1741 192 119 4109
1576 1136 3706 4686 3380 2892 4521 1814 152 674 2047 2939 3287 3306 4707 2068 3373 4251 677 968
2146 2136 90 449 4151 2631 207 1221 333 4908 4067 1892 1346 4029 379 2000 3603 4115 4656 646
4175 4363 2779 1888 3835 604 2503 943 2435 741 4713 825 2435 4484 3908 2982 3590 2696 1949 927
3876 2068 2068 2068 1837 4695 1173 1092 552 3685 4212 278 4411 4359 1629 4513 4549 1254 2891 1787
829 3846 2340 2509 2183 1307 1965 1077 999 2537 385 4900 4051 1888 2068 2068 2068 2068 2068 2068
2528 4107 4582 1664 4207 1508 304 4000 407 2278 1321 2657 1333 840 1106 2644 2252 4695 4809 4725
361 825 968 3905 301 4385 4152 2036 4734 3732 2728 4268 1333 973 4666 3781 4469 3571 3960 2835
2601 318 3033 3730 683 646 2469 1766 3285 3161 3267 2200 2644 1692 4908 825 2205 4937 3874 4551
2146 4175 1750 3469 2068 2436 3076 3607 2662 2910 2281 4070 848 2855 1665 4163 221 1737 3256 1169
829 1946 1737 3874 1994 417 4215 677 662 3611 68 4381 3249 4061 1598 2368 3887 4037 4865 1522
3200 1565 3888 4566 33 362 2657 4420 926 1981 586 2253 2890 209 4266 1492 4561 319 829 4323
3363 4736 1323 2590 4502 1096 1678 4210 1259 3509 1127 165 3646 4455 3044 518 2950 4929 3315 2922
3236 4695 2877 4771 4834 3395 3575 4234 1462 3241 1997 917 3602 3828 3089 3613 963 2588 4122 3235
3249 3164 15 2956 4767 658 2404 4695 4744 2361 2563 1528 4274 2185 1315 642 1260 38 4711 2760
1753 3702 2194 4102 2528 2534 208 3617 2601 315 3034 829 1333 646 1664 2715 1108 4736 1481 4744
1732 1577 1741 4034 2531 417 235 4790 1313 2511 744 1598 4163 4881 4342 1059 318 1333 889 365
3390 1088 2610 741 1403 4942 2531 2941 3853 276 1109 2208 4876 2368 1787 2628 3654 4693 4252 4440
3335 363 3940 2313 3502 4464 3285 2108 1109 2672 4528 367 2010 1522 2711 3963 4648 3789 4664 2058
841 1532 670 2764 2518 3075 696 2679 3380 1284 2370 2343 3086 2058 166 3681 1560 2463 3800 2103
3859 1282 1165 1287 2728 4036 4694 3199 2729 3444 1596 871 1898 40 3550 3763 1583 1068 1613 4912
4152 2336 642 4506 4865 1787 3874 1520 4942 4096 2791 396 1154 2444 1184 506 2414 4224 48 3060
4232 4735 4844 3927 1919 1184 4671 3455 3745 3763 4664 3217 2520 106 4264 2226 848 2896 2457 1162
4457 2548 1682 417 4763 938 2370 315 3473 1019 2911 4633 2710 3519 780 4900 3822 4277 2472 1403
3390 3743 2436 727 1545 1201 517 1575 999 1035 719 1431 1741 906 76 2509 2650 3694 4152 217
3918 4436 2306 1211 4037 3020 719 1858 838 4198 4103 409 491 1824 586 4152 222 3502 1241 2858
4175 224 3726 334 4052 4754 4458 1835 3158 1098 3774 958 3521 3811 480 1396 2402 4874 1698 2278
2146 198 1040 1797 2793 4323 2728 51 3764 2481 3048 1524 1781 385 1386 4640 2093 2983 245 3481
1250 4593 2359 2343 4346 3502 4350 40 4900 1870 2290 2047 2095 1125 3153 1439 3125 1223 534 1785
2612 41 2728 4130 82 3661 4552 2372 4472 2278 1707 3483 4364 3286 2974 2150 838 135 2588 4439
4152 3781 1781 1768 106 2236 1772 1673 3055 3699 278 1922 1109 2347 3540 2715 4973 4930 3027 931
2571 2894 3300 333 4695 4711 938 3380 2861 2139 198 1243 4818 3822 780 646 3893 4852 2430 2436
1324 351 250 1023 1358 1664 780 1184 1408 3438 3504 313 367 4392 1242 2855 3504 4301 2627 1000
3814 792 249 3829 2288 1960 2777 798 1177 4586 4803 3602 2780 41 1413 2255 2922 1333 4091 2462
1615 2591 2693 1737 221 3967 3731 3639 1480 1290 1737 1528 1107 297 4744 4127 2467 3285 3169 4695
2313 412 4422 247 1692 1628 2760 4900 1804 491 3575 3204 2829 4405 3134 2116 1870 1653 1670 1575
2146 3313 1528 3607 24 3504 4364 3406 4855 2631 3285 719 1003 4680 4070 1888 506 3284 1933 4996
1989 3540 4420 314 1785 4909 4571 4691 2511 2054 3818 3319 276 1262 2736 3773 2305 492 121 1919
1972 1946 2148 3574 1539 4330 3075 4992 2939 2058 4392 3507 4637 1667 1814 288 4181 4051 551 111
838 1209 3284 346 245 1314 841 4823 2340 4726 3948 3066 2915 3981 848 416 4373 4345 4051 1173
2903 3563 3876 1328 2361 314 4566 409 1209 2894 2894 1512 1237 1858 1163 4099 981 26 4401 4261
4581 4168 3554 1664 4857 3033 1419 4581 2328 2568 3607 3380 2680 3260 331 1560 2759 1413 1837 180
4175 2894 245 1605 4429 128 2359 4161 911 1555 1700 1865 4456 203 4727 882 2610 2786 883 1784
427 503 4000 632 2809 1913 4865 1209 4264 4595 3425 3169 2940 1568 4674 3011 2213 2533 4564 4625
3575 764 646 3020 3822 2863 3785 2677 2693 1952 1619 1276 4689 378 1154 3961 3730 3350 2769 2320
1534 4511 3295 3234 3845 2596 2436 4810 162 3390 556 2556 4900 488 4581 2790 2599 4900 2696 728
1597 1438 3719 1860 2815 2415 3575 1237 1226 378 2657 4743 314 379 4000 3182 1766 4485 1784 3835
4408 40 1617 871 399 795 3211 396 1753 2596 2221 737 2941 2244 4389 4163 773 454 3230 3084
1665 4426 4560 4990 1639 801 2051 836 4754 3507 825 4744 1403 2760 128 523 203 399 1368 762
163 1091 3180 1590 3285 4103 2933 2472 1833 395 1163 2921 4532 2472 2249 4538 662 4000 1322 203
4175 3746 180 4998 578 2961 838 2243 3887 2524 3285 3802 408 4175 1888 3372 2918 3184 1333 1376
1323 2081 1966 4388 3984 2207 2520 2861 4607 2472 4055 1742 3234 3730 3681 4177 2023 835 4367 4991
4098 1805 631 3752 4478 2705 4055 4464 2161 1226 3984 3730 1612 2657 4680 2842 1919 775 867 4207
3607 2839 2017 1150 3887 450 3171 2908 3926 2073 1524 4777 872 3829 381 3865 4508 4581 694 829
3694 4136 2711 2221 1062 4832 356 1746 270 3982 1679 2436 1504 4175 3601 3652 3164 1211 684 3619
3416 3905 1323 1994 245 2000 2610 3285 1622 2915 4000 631 3584 2661 2120 931 3452 1930 4942 484
2452 333 1077 719 2046 3661 3781 4894 4637 4572 91 1154 4556 2205 139 506 1787 4207 832 4127
3607 998 3231 1787 646 2865 2498 528 2672 1121 3844 4371 3188 646 3821 1403 2437 3601 3540 1837
796 1811 2594 468 3685 4171 3059 3835 1230 4363 499 3216 1945 2213 3776 470 4405 2736 4508 3974
3694 135 4750 1645 4703 3641 927 4929 2404 2702 1446 1186 379 646 3661 4350 4132 1781 552 2056
4998 1946 503 3949 2051 4539 2211 4736 3098 2631 4068 3523 2719 3865 3534 2951 597 1779 3075 2347
4175 449 1377 737 3638 4549 208 2570 3775 2191 1017 3617 1277 492 4826 2702 4376 3984 1903 2695
4998 2809 823 1584 2015 4608 2226 2939 2136 4767 3940 3268 291 4175 4655 3344 250 2148 2531 882
3826 2416 799 333 1413 1787 3444 363 2947 728 3285 2375 4972 1888 4019 4674 3164 2068 2068 2068
4562 3134 2610 480 1785 1698 4908 552 3590 2300 3514 2278 4672 2622 356 4846 646 730 1085 4554
2845 1461 4758 2486 3528 3067 694 2280 1276 2298 4698 491 163 1791 276 2961 1989 4373 896 4794
907 3730 1884 1769 2412 1787 866 2286 2926 2509 250 805 2543 1088 2453 1811 2531 3151 2158 2249
1581 3271 1637 1481 1465 3504 2814 3550 2730 1137 1901 2263 99 1409 325 3285 3874 2921 1728 4538
3700 3686 237 3416 4727 2943 4037 3735 4333 2742 86 2696 825 670 2829 1837 3509 1099 4048 586
1439 4099 2531 4785 2057 2600 2720 3481 4715 3514 694 2058 4710 2193 4481 3887 2237 2084 3005 1102
1545 3469 1083 2108 700 2041 2371 3552 3502 1974 2132 1812 2370 1109 4812 3243 583 3171 2255 2325
2733 1883 3785 245 1566 3427 1130 650 1478 586 3919 877 710 4472 49 3789 2715 1930 1584 2306
3416 331 646 2338 731 2608 1757 224 895 730 4844 1550 656 2017 3974 2737 3078 4420 3835 4451
752 1753 642 3130 71 917 4842 314 3026 4014 4889 2338 235 4055 687 4163 2468 449 4664 3463
624 670 3523 3607 856 3525 4696 346 3256 373 663 4081 3057 1260 4081 136 469 3874 4988 557
3656 3730 4528 1906 1545 552 4743 2263 4343 2502 823 2257 320 4127 137 3782 4784 3887 4774 2338
3274 3267 1646 2951 2472 851 1987 2191 4330 1246 2855 4350 172 48 3127 4540 245 780 1753 2484
4758 699 1088 998 4151 264 3782 3974 1270 1099 2693 3026 3843 4582 1598 2139 646 4411 484 3643
4175 104 2642 2999 1182 3607 1260 4987 3417 2836 617 4571 901 2497 1597 1914 2667 2213 480 4674
4720 1710 2047 4990 340 4697 1528 1868 278 4710 4432 126 3267 4834 1575 699 4508 1885 1403 999
4998 1946 799 2430 3285 2644 3984 4097 2711 1648 971 624 2402 1309 4727 4506 3550 3429 4226 2995
3318 254 1011 376 2265 728 2375 4664 4082 2732 2278 2015 719 3752 357 1163 2191 1287 3695 2656
367 403 790 642 1888 1777 4545 165 210 384 99 1462 3866 3607 3372 2207 3671 4416 2338 4775
2146 4626 661 2610 502 2904 3218 586 775 853 104 4502 1890 3057 3075 3835 999 876 4586 3161
163 2237 1677 3167 4723 3540 764 3075 4992 3590 1457 613 1787 4212 2479 48 1196 1958 2597 2974
796 3026 2205 3231 825 279 3502 3502 4163 223 3521 3221 1638 3969 4908 2657 4322 4972 4909 2370
4175 2679 621 3708 649 2416 3377 3660 1340 2397 3134 2302 1017 2608 254 948 3236 1546 2851 4371
1972 3184 163 1598 2151 2762 2475 3211 2205 3874 764 2728 2148 4582 1374 1716 1073 2215 2918 2249
2013 2985 4626 3341 3135 207 480 2745 506 3540 764 3227 1596 4295 922 3279 3696 4518 3087 4260
3628 115 719 4227 4000 1994 15 1167 1814 730 1311 2450 2248 2511 4393 2249 2451 3428 2374 2185
2286 3714 4538 566 2588 4163 4897 4323 2760 1097 731 2263 1371 2951 4330 49 171 383 3089 1914
4175 449 725 3303 4496 4585 832 245 71 3277 3469 1099 3158 2359 922 1930 385 737 2951 1744
2402 4495 3978 3234 1142 4175 3425 2800 2040 2817 1413 3285 4103 3268 3302 1581 2672 556 3846 3401
354 3574 1946 1664 4151 4246 333 3018 4389 4472 4055 4616 2359 1952 4582 4216 533 1376 1234 1461
2146 216 506 4219 889 1111 2294 721 38 4902 4458 718 208 279 780 4900 2382 247 3798 4869
2719 1581 1605 4115 660 4105 1597 454 3337 3984 1914 4594 4766 731 4037 4020 1691 41 1870 2084
4964 1036 3550 1399 3540 3595 1909 1260 2412 998 3418 378 4067 410 214 1752 3584 2278 3005 2760
4175 882 3477 3514 1313 3786 3890 4843 1742 2460 4710 454 2116 1370 3063 2211 3285 2280 2430 1922
4102 1665 1668 1169 2571 267 4710 166 3638 4838 2545 810 4608 765 3213 4572 1311 2306 2926 2696
3607 315 1745 3473 2947 1883 3866 245 4152 1766 4421 2911 3234 4662 1236 3574 4103 3027 2090 4161
3782 2409 1792 1946 2921 4686 842 417 1946 1465 3440 2713 4763 1088 2437 369 725 2205 3287 3245
351 3554 3099 135 1938 491 2139 4977 4260 586 2 1008 4227 1032 2249 2368 3027 2066 1647 4617
962 4081 2472 4111 1403 1152 1388 823 3700 838 2742 3829 3236 164 2212 4908 3241 4511 1586 1450
3166 169 3874 3084 3998 4571 954 173 586 2151 3231 3240 3450 2940 283 235 2289 1251 3037 3256
258 356 1834 188 2213 2545 2705 3157 233 673 1688 1620 2451 2068 1158 4163 3389 798 780 3285
3523 1323 3382 1598 3786 2068 4451 2790 2894 948 4163 2472 3285 1025 3695 2072 4876 2370 233 4203
2237 194 3730 2789 2361 4101 2090 2375 1888 4900 139 2644 2370 3213 3126 2988 2089 3549 4726 2529
575 2693 2944 4438 417 4538 4168 4116 1193 2089 3705 2338 4458 3253 4809 230 1920 4978 3285 4151
3918 4342 356 1374 3668 2855 1594 508 1805 2436 4763 1845 1201 1742 3372 3866 1323 4763 3425 2536
2845 3746 990 3285 2657 4586 618 4695 3169 4444 4320 2249 3971 4538 1523 4365 3039 4101 2202 4998
2861 3362 989 778 4895 2531 2608 364 3602 2947 367 72 1403 2306 2368 2941 3350 4844 2767 4538
2971 1321 900 417 443 4730 1682 4103 3527 1162 247 2416 4855 4041 4960 4464 4020 3005 333 3223
3694 825 4212 2588 4163 2393 4900 1870 4763 3602 3285 4852 417 3338 3379 3383 4831 2572 3874 3608
3502 3173 3744 2535 3525 719 3502 3502 163 4501 3607 4711 1260 2915 4586 4013 1709 378 3850 3408
3416 1091 4089 3606 2767 2010 2572 699 3887 1682 2685 2884 728 4420 506 877 2263 99 3425 3606
4758 4994 2705 2106 1146 2213 2278 3315 4538 2218 2683 4838 3189 2263 2930 1177 2790 656 669 3984
4464 2191 4103 825 1620 301 4538 4903 3285 2627 84 4334 3616 3995 4895 2657 3388 1184 2650 1306
2457 1881 925 2249 198 3267 2436 2939 3056 15 4581 2472 448 1368 3502 2514 4426 3169 1882 2068
3981 2396 2346 3285 4998 4013 506 4227 4640 3061 4151 385 667 4218 4909 2184 4582 2402 1550 4273
3502 336 1090 4144 441 2531 420 3521 2205 2591 53 507 2054 601 4152 4233 121 3887 4585 1062
3302 4895 3984 4908 2472 3231 1868 4942 4698 3845 2436 4151 4055 2126 2370 3089 3341 3521 3635 1836
1329 2970 2757 4152 3502 135 2921 568 390 2190 1758 4309 3338 3945 1341 641 1164 900 1109 249
2146 1787 2943 3303 2375 795 240 4876 379 1804 1761 967 135 2705 2000 4695 2274 3714 4471 4259
2861 3089 1174 2967 658 480 3982 2705 1771 1722 1323 1946 223 3114 3611 3691 1750 1865 480 4919
783 1481 712 1840 2922 3832 4396 4271 745 730 301 2126 1957 4455 4616 4055 2136 4181 4471 1108
3200 4538 3982 496 4152 2106 1515 2947 1172 4865 4857 583 867 3119 1870 2821 823 677 451 4108
262 4248 3578 415 2929 4623 2943 4769 3706 2904 1967 3866 1374 2465 2402 3395 2114 4342 2501 1444
584 719 830 4763 2467 3887 1247 2254 1088 4972 4703 2106 2437 266 1830 2139 3758 2419 4181 718
2861 3234 3330 2410 2531 1071 778 642 116 2985 3163 245 3013 3400 597 4108 1974 3132 2865 3824
3607 2218 906 1071 4900 1287 3617 3550 2918 480 2504 3219 2347 3953 2929 1036 1837 1737 3285 2472
4049 503 3918 4531 2013 169 1438 2610 4359 1575 1898 4212 1193 2939 1059 597 3657 1994 417 889
449 2108 3139 3835 3386 1403 793 48 3469 4573 1619 4487 3656 2631 3540 2570 699 3940 4766 2084
4674 1956 4435 3869 1770 846 1428 631 221 683 2523 1038 1740 2541 3974 3743 4992 4138 2361 1761
4477 1025 969 4561 4742 4267 1378 597 2821 3942 3984 1007 3967 578 3801 2353 1115 4413 344 4175
3676 642 3362 1352 1077 4323 2905 1272 3445 1323 4713 2610 4106 4453 3476 4506 1888 2018 1888 4415
2960 4506 1287 1981 3406 1671 2472 1576 4373 4607 87 855 1403 3504 3656 2631 4764 3048 3869 1107
4435 3360 1461 4079 2472 2939 3837 3166 983 1023 509 383 2207 3978 617 677 2512 27 399 1766
4243 1089 2806 968 3502 4830 2359 4161 1154 3540 189 3888 3119 2340 4330 1361 3874 799 1677 3940
2657 2237 1858 2599 998 2368 4116 3752 1870 3508 3818 4455 4582 737 417 4268 3319 154 2013 2139
351 3225 2811 3259 278 2071 2305 3247 4815 2353 1354 2894 3596 1043 4151 356 1545 3363 4266 1390
3416 4538 4725 183 2472 3378 304 4998 2247 3613 1154 2590 2126 2205 3056 874 3042 1787 4451 4371
652 2788 1416 1442 719 2640 1702 3285 4240 3702 4163 4849 867 1058 2338 4538 1287 2089 737 2951
4200 3514 41 2992 2148 3430 2943 2610 2702 2370 2949 4215 2057 823 2281 2117 2278 2821 858 9
3511 1888 1598 1439 1172 857 1793 1019 4461 2770 87 4991 4896 3817 525 1486 3004 2895 3425 1503
1883 1088 135 2013 4809 2186 1997 2008 4098 3362 1211 2977 3948 4388 3099 2415 1324 1446 3132 3915
163 163 3370 4882 198 3887 4832 3011 2951 4691 3158 506 938 4504 4852 3822 4519 4240 3130 3605
4998 1946 990 2640 847 3602 4021 1728 1482 1073 2599 4438 2343 2821 2118 1126 911 820 1088 3611
4152 1158 719 948 245 3068 417 417 4538 2436 4401 725 1888 1888 3285 1146 3932 552 4699 1664
2773 171 450 2688 4988 417 3435 1184 369 1946 3645 4323 3075 3523 4607 1815 1310 838 2658 2610
3981 4805 715 2451 2545 3236 2139 3238 506 1853 3940 4360 2584 4146 4101 4476 1165 1997 4312 729
4353 1594 3964 3874 301 2380 1839 276 795 3236 417 2730 4055 4350 1737 4350 1858 3697 3195 635
4471 466 4243 4878 2922 2989 3134 693 3068 1436 448 396 505 1057 4175 4310 2168 3145 4886 12
2136 2032 3138 110 780 954 2254 2089 4458 3206 364 2032 1970 882 4538 1209 2148 3867 2150 3554
1323 342 3694 4992 2719 1143 2871 4989 4125 1130 3611 240 127 1061 1252 3414 1451 2126 661 1555
127 1277 2699 1600 4392 1870 2976 3038 578 2435 169 2740 1971 3529 2790 1525 2478 4320 3521 283
2773 198 270 2597 1230 1949 4202 3968 745 3760 2191 3714 4664 726 1888 1692 1346 1323 722 1450
1639 1436 730 1750 833 1901 4538 4900 3150 1243 2469 3685 2010 506 3540 1163 2 718 1457 2472
2657 2237 1576 301 3303 1098 4341 2329 4834 292 4723 1146 1211 3781 2086 4455 2570 1874 825 741
1059 3782 1699 1638 3144 3590 2192 3316 4502 752 825 2527 1215 1858 3631 2719 2139 973 2855 4763
1210 438 4000 3830 1036 3649 1671 2509 1787 2368 3383 695 4063 2957 548 430 823 480 3267 2205
2610 4636 4163 1176 4878 2511 4284 2263 2932 491 3284 1366 4451 4506 2571 3267 3982 2436 2691 1862
3523 4908 2520 3984 3157 3835 842 1692 4279 2202 526 700 3666 2002 3869 1130 3550 734 2676 4664
548 1254 2058 4711 1664 1869 1824 2393 2653 2676 954 1994 3267 3730 79 1252 2416 420 2278 3127
2327 1313 1088 1654 128 396 2416 4163 2970 3607 1953 1952 3514 4346 3184 1942 24 2205 658 4969
838 1837 1146 3176 866 2129 2652 1648 210 1438 3285 2608 417 1946 4000 3150 4307 3256 4538 1723
2861 778 2114 2644 719 3974 728 4108 2657 4903 658 4168 2279 1740 2846 4348 3530 1521 2789 1089
131 4152 1184 646 379 3835 3554 1842 3601 4380 3611 3930 3309 2278 1319 778 334 773 4988 1165
4495 2859 916 4362 4020 2011 4616 1888 4606 1616 1041 2629 1787 184 3089 4019 4139 2076 4681 2205
4102 1399 4703 3075 4992 1605 1590 4824 450 1361 1786 2402 40 1410 4942 1411 2111 2922 524 3682
163 1209 2601 372 1323 3135 3444 84 1623 3528 2015 390 697 1637 3395 417 2333 2557 4376 4852
2478 1778 4342 4020 712 2278 48 2286 841 1598 417 1149 3874 1811 1361 1462 2139 2737 4842 2057
2361 2644 4068 1686 1839 2181 3879 396 2352 3211 833 756 4771 4511 2921 2068 2068 2068 2068 2068
4284 4127 2128 4519 4647 2281 381 3200 363 2596 1850 1664 4723 396 3974 2068 3607 4889 280 1314
2415 1951 4987 407 4330 1545 2433 3398 548 4990 3928 4152 2911 3521 3606 2633 1271 1901 861 4047
829 1996 3341 2146 2263 1355 3652 297 2289 1784 1997 4948 719 3075 3285 491 99 278 2482 4519
1972 3796 2693 2020 2624 646 4969 1787 1458 4390 4286 1625 788 140 4037 269 3285 3178 4677 1191
838 372 3200 356 2921 4876 4207 4855 176 2915 552 2418 2213 4809 4037 744 4838 15 2089 1152
891 1787 825 938 2370 2834 360 1768 72 2543 492 4819 1268 3165 2748 2940 2877 4212 4181 245
4758 4163 1431 4588 176 3192 3874 731 2148 4350 2657 2286 4614 4538 2650 4855 2429 2084 3169 2904
1136 506 1036 3540 4908 570 2478 3982 1063 3981 1609 4037 4031 2211 4695 3611 4994 3507 2672 925
1989 1158 677 245 4536 4110 1894 3158 3817 2278 2684 2336 4261 1653 3774 381 351 753 3532 508
2666 1737 3507 677 2523 2823 3872 1396 3390 2939 508 1597 602 1090 3890 1057 2809 2263 1973 4240
838 1209 3285 4264 1354 734 2657 2005 2278 3571 4405 3379 2402 1431 2278 4158 4256 183 184 1226
3920 661 1154 719 3388 2000 2472 4672 1594 1107 137 2872 3967 3918 586 396 1361 1811 480 2480
1268 4102 4081 3043 1985 2672 1575 856 169 1987 1400 586 4195 3645 1893 4163 2951 3619 669 4892
2571 3918 2401 3554 1190 1366 2572 1163 1884 4330 1088 506 4081 4895 622 3241 1130 973 3782 2008
1413 2435 1946 1787 1154 2454 3918 656 1431 1165 455 506 4401 11 437 741 2984 1314 3920 661
3607 2829 1744 2571 4127 3326 3866 2890 4758 484 274 2191 4363 641 4152 1043 50 741 3612 3150
1210 719 2760 4720 1651 4686 1252 754 3848 1007 396 4069 3818 725 3285 2108 2084 3630 3848 641
137 1551 417 2599 3256 2705 3059 1006 3867 4710 2780 1254 4031 4227 838 1323 2590 3469 4151 1971
2520 313 3477 3289 810 1475 2644 624 1450 3890 1468 11 73 1598 3786 2628 1333 4760 1158 4817
1597 3247 801 1306 1952 420 4341 2521 3940 998 3184 2878 3995 1814 2200 4238 2777 4007 4838 4082
2657 2903 3007 1314 237 823 417 3171 4686 786 597 438 2048 2068 2089 2211 1605 677 775 1803
3057 489 2289 1620 458 1814 2531 1251 2921 4855 669 1088 2961 4007 4477 578 2255 2740 4151 2600
2657 2298 2760 2158 367 3697 1410 9 4051 1888 1474 3928 4116 1781 3103 4389 4528 2911 443 3266
71 2236 4248 4855 1154 1814 1139 165 2469 2255 163 1287 4482 2658 938 3161 1569 641 4243 2728
3502 825 1840 4000 3698 3453 1305 3075 2207 948 3502 2 9 4852 3103 4668 3977 2287 24 4008
4990 3509 1088 3556 3829 1972 1287 4317 3989 1108 3285 719 4163 2951 1870 1806 1219 4878 2365 1446
2427 1913 395 1667 2612 2888 4509 4656 2985 3470 4346 163 2039 3267 3982 2023 488 692 3948 4103
4243 4517 294 1043 795 825 1545 1108 2736 678 1424 2066 4519 4909 586 4469 2766 204 1896 4019
1323 2976 3848 4210 3869 720 2764 4727 3897 998 245 3509 3668 116 2713 1025 1885 3416 2402 2506
99 2599 1447 1766 4234 3329 1459 3646 3007 841 649 838 2887 4427 22 450 24 4686 2692 3375
2263 1865 4750 4889 1177 1088 3160 4998 1919 2409 417 295 1888 351 780 4062 1870 1409 3796 2300
1396 2068 2068 3912 3777 2370 2375 3596 8 4037 1396 729 163 4104 4478 3508 3425 1982 1786 4464
2494 1201 245 3972 4000 396 1533 2298 4267 146 4744 4342 3564 4435 2370 4763 3363 3783 607 4486
4352 3066 680 73 2068 4495 1972 1043 3540 2290 489 1906 922 3127 1146 2820 1698 3672 4227 417
4964 3521 4904 596 4472 4207 1532 3116 3575 2537 1266 2511 4299 3337 3490 4152 3450 586 1665 4439
4435 3452 4342 1088 3431 3694 4207 4518 2404 2410 1575 396 2139 2191 1416 871 3864 1930 2921 3829
4127 99 387 3890 2810 3984 2207 3602 1376 1798 998 2368 2036 2015 2300 1712 2582 1575 1834 506
2657 3575 838 4876 2231 378 4578 1787 4538 586 276 252 992 3960 2984 1403 2557 1787 2427 950
3730 3377 183 2716 3852 2904 4064 378 4538 4721 1664 2439 491 439 1991 1155 2106 3527 4416 1445
4110 1560 3363 3451 833 2410 2249 4538 2246 1765 3825 4273 4519 2356 3930 2545 728 2298 4725 2901
1581 719 2585 1113 176 730 1356 3005 4711 1226 682 4538 1877 670 3509 631 586 3646 1868 1930
4758 372 3279 2644 3984 4538 2223 4004 1216 4626 2331 2136 377 1143 3318 2591 517 4323 2970 1287
4383 3502 1115 4577 4444 3887 552 3318 4478 3897 3395 3927 2642 2442 2008 1163 4896 4264 1916 2393
4518 4895 2370 2965 2372 560 4536 1474 3423 2650 3570 16 2146 2984 1261 3233 4469 3521 2776 3887
4000 3672 2123 3872 2143 552 3200 4768 2031 417 1719 1221 4469 2644 1439 2898 3528 823 4769 491
2548 3787 4392 1154 2333 2990 1585 480 1329 4891 4762 3928 403 4181 348 87 2610 4819 2345 216
227 2686 3835 3388 1884 776 2558 2071 3425 3213 3220 1402 119 396 3835 3869 1072 4309 1946 1167
2516 730 4874 2607 1333 1272 1965 4606 939 674 1612 3948 4518 838 2355 1036 2650 4703 4273 825
3981 468 809 1843 3926 1883 929 1229 4703 66 1323 3782 1572 1734 3571 2404 2444 2686 2821 4317
3416 4348 778 1956 1333 3613 3981 3378 825 1222 3144 4908 4519 578 4458 4431 1584 1465 2435 3607
2897 2108 1201 3120 3837 1191 2517 3830 3067 4908 4566 1575 4089 2461 3622 4466 3099 385 4331 176
441 3076 2697 4099 2306 4887 1390 1844 3730 322 734 2158 4554 3981 3250 3575 2414 2890 584 3269
356 1416 2200 1833 2263 135 3906 1949 2874 488 2426 1343 4464 2789 1040 2889 1576 3350 2207 744
666 48 1143 1011 3380 2068 2068 2136 4108 4031 4721 3590 3639 787 3116 838 718 1323 3867 2058
4435 2263 4933 1961 2300 731 3879 4908 4788 86 1768 4099 498 4517 4152 2365 1993 4424 2670 3835
2612 3926 3634 4460 1787 2302 3786 379 4538 506 2191 4656 3288 396 4540 1089 658 3667 2893 2013
4908 1528 1688 1728 2771 4538 1406 3852 3401 2264 586 4524 2325 396 1111 3167 3874 2278 1623 2911
1323 292 489 586 189 635 3940 1817 2609 2191 2344 252 872 1260 3201 4664 1290 818 4686 606
4852 2010 4163 2897 2108 2244 356 3722 4892 4219 1925 4040 4840 4341 1020 3874 1629 1529 4558 1290
372 2657 3656 3523 12 3926 3785 3349 1252 4450 4227 4037 597 3494 4502 458 506 68 3540 385
1323 2779 3634 1614 3167 4508 758 1260 2586 4900 2509 976 3786 2693 4416 4324 2402 3765 953 2911
1985 4103 1260 891 1881 695 4363 1234 2669 1866 1000 3739 3367 730 3935 136 586 120 1670 333
1972 841 4267 3643 3192 4538 4246 1040 1933 3478 3590 2143 1991 3236 2527 3465 3075 3763 4723 2531
4175 4272 53 2719 2436 1888 51 3171 1795 3285 2911 198 2410 60 3896 2894 884 4508 4447 1093
1215 1097 4870 4771 612 99 3135 1378 4215 2278 2941 3504 1981 417 433 3489 582 517 2106 378
913 4736 4070 753 3707 4275 617 4688 2530 275 449 3919 2451 999 1435 356 4232 2212 4456 4006
4435 1017 3523 2461 4378 1085 4782 2448 4027 3981 586 4391 4972 3155 491 684 2720 3158 3874 730
1989 1314 677 1835 2436 3572 600 2071 1528 4268 4288 2247 4847 3043 3661 3781 2985 3039 4099 2292
2657 3607 4987 3938 4101 4573 1124 1664 4157 1481 3263 4998 825 3918 938 2794 1415 87 3872 3928
3200 369 3344 464 3874 1629 171 2388 3004 4128 4243 1575 649 2402 701 2160 1827 2286 2922 4900
537 1278 3981 3285 4055 728 3523 492 4538 4327 4626 3070 2436 2890 3132 1888 2371 2662 4464 954
1445 2610 4758 3267 4793 3062 945 4564 712 1014 2254 152 829 3264 702 2166 825 3079 86 601
1619 3075 2696 1431 1869 2237 3131 4511 313 2436 1219 4127 1924 3866 461 986 3814 2691 3540 1688
163 409 3887 97 3214 3504 3380 2855 2898 4243 4421 2184 3523 4908 3520 4103 2472 2117 3658 237
518 4917 3472 2230 3918 2533 4694 4051 2416 607 2278 3333 4536 1381 1482 4477 2640 2602 2766 2558
4674 4081 4243 3164 2219 2699 4518 552 3583 2790 3646 385 417 3984 1909 4947 2564 4991 4076 348
4243 1837 4891 394 4000 727 1545 3938 3894 2084 2594 3540 1887 979 176 1787 1068 3430 3808 670
4758 1169 1508 3984 2128 3285 3937 3194 4208 1747 3036 533 868 1062 2068 3631 420 4865 1431 1785
1438 2371 3285 3514 1442 2399 321 780 4308 4760 3047 1545 3869 2742 4488 3277 1946 4000 4266 4536
4758 2533 4207 4363 1167 3981 719 728 1241 605 3735 4393 868 2149 313 180 2272 2512 1487 3786
4518 2615 2203 3695 3390 2657 4273 430 2436 1766 165 1813 1888 1765 2924 3291 4152 3799 560 480
1323 642 1622 2149 185 4255 384 113 2402 1108 712 356 1994 428 2404 3930 1718 3618 1222 3571
198 3415 427 4758 4538 4432 1787 3974 301 4207 2531 417 3004 245 3706 1792 3570 4264 3634 4325
137 1787 480 4908 644 210 1368 913 674 3548 2776 4077 3523 3416 4844 119 2263 1865 3550 2624
3607 2918 1353 2791 4264 3169 4371 2701 414 3233 1753 2965 341 3150 3848 408 2868 4886 1128 1860
3067 3118 1521 315 4210 1622 992 1528 2234 2629 3378 165 873 2030 731 1450 1465 1165 1533 2680
3618 4626 3958 242 246 674 1598 2139 2263 4181 3863 3917 289 441 315 4830 3730 3617 480 1650
3076 3285 67 1291 1350 2465 281 233 2058 2657 978 1488 2306 1786 3507 2465 4908 4341 2591 126
644 3075 4363 4421 4396 1843 347 696 4000 4695 4947 1614 2306 2375 4508 4 4267 2218 499 1707
2527 3926 2444 1465 3763 4266 41 1143 4363 1165 3930 1103 491 2013 829 3395 2942 398 1785 3395
4163 731 3416 3378 3303 3730 1810 4108 4538 646 1151 4458 396 4664 3972 3388 3388 4421 2111 3102
1143 3564 4819 2705 1277 3455 517 600 1136 4152 503 4477 950 3757 3953 965 2090 840 4909 3122
1605 3523 3637 656 4664 112 1466 1130 2951 2537 4564 4532 3502 1193 3874 4425 1870 2075 3730 4987
4435 1995 753 2151 3101 1438 3176 3529 1136 823 238 2820 1261 3702 3974 2520 2842 3285 4101 2497
1698 1903 1994 1716 3954 3120 583 396 1792 2 753 2 2847 4460 437 4849 352 2200 2338 2015
3067 665 4218 40 1719 931 2644 1441 4431 2978 1798 1364 4152 837 4163 536 3782 3639 555 3445
4232 3649 2454 2631 4744 1272 2203 2656 4359 1864 2370 2352 1620 3874 3695 1243 4539 491 583 3268
3066 114 3178 1851 1785 2789 393 551 1991 70 2205 3631 3269 3918 3554 3284 578 2436 2292 3874
165 252 4597 4842 3269 2205 1641 4571 4431 4549 629 3490 2990 1552 4029 4469 682 3926 3199 3984
137 3607 3478 3646 3981 2988 136 3157 1507 1096 4162 244 2696 2558 548 4319 1924 2531 4377 4686
3274 4979 532 2790 4151 2116 896 2961 165 233 2890 1086 1209 2378 2347 3550 597 4566 1858 1787
4423 1629 2728 4127 4037 3739 4031 1688 48 4426 622 3938 4000 674 245 2057 4304 4623 1745 1761
4477 2202 2811 1611 3730 3980 855 4567 1994 2602 4838 1785 1088 3157 4471 1650 3494 3358 1459 3117
396 1222 3041 2108 4994 3984 4538 2963 379 3123 976 1492 719 3930 1211 2921 4055 3206 2789 2247
3249 3887 737 2278 552 1090 4678 677 3495 1299 2397 3888 1035 3515 3590 1052 1011 2948 2557 2970
2985 163 4000 1108 2714 3908 2465 1236 1545 992 4219 798 4896 1230 4855 3254 1612 3607 4103 4424
3502 2612 4323 1017 1190 1295 3874 3481 4251 1555 4571 2938 2808 2636 1649 3444 4238 1324 994 2562
4010 40 1184 973 2890 2644 3953 2851 2108 674 3120 379 1858 2794 4538 4626 4402 15 4029 251
561 4502 4496 1152 40 1017 2742 731 4106 933 2821 1897 1853 2864 4019 2770 4574 4909 176 3981
2194 3292 3191 3094 2263 825 2274 2155 4076 3941 3866 4763 4545 396 4094 720 2472 1465 2013 3504
2146 2657 2146 1665 3362 3855 825 221 1691 2402 4239 1480 4426 722 719 1019 1838 3234 3430 2103
3481 4427 135 2631 2017 86 292 4586 408 39 3984 40 503 1190 3613 2752 2278 731 26 2935
2068 2068 3607 4163 3445 2074 3217 489 11 4148 2693 4891 4768 450 417 2691 3942 4264 1340 4505
3607 4958 1241 208 680 3622 4571 4900 4105 1343 2503 3887 2904 1787 4323 4488 503 1278 1474 2865
4224 3365 4844 1309 4055 3285 4031 4226 4075 314 1780 3514 2472 2231 326 4363 3902 4508 1585 480
4333 2649 1972 4508 1888 1606 203 719 741 769 2338 2436 3267 3261 3926 3730 3195 269 4896 4964
2281 4555 551 2624 820 2357 1085 209 2125 1711 4591 1854 1438 823 2191 2208 4000 1548 3303 1888
